0.004113024
8.922596e-05
0.0008026756
-0.003661863
-0.0073642
0.01022339
0.0005351887
0.00160385
-0.006251695
0.011845
0.0041525
-0.02635375
0.004606014
0.005481435
0.006342422
0
0.0003561254
-0.0008014605
-0.0011588
-0.007520179
-0.002068997
0.001080011
0.008241559
-0.001964637
0.001786193
-0.01257088
-0.006799972
-0.003371762
-0.001370176
-0.0002742606
0.00237443
0.008266387
0.001265709
-0.008438103
0.0007286638
0.004723417
-0.004086271
-0.0004550626
0.006171178
0.008647923
-0.005847181
-0.006153866
-0.004549184
9.11868e-05
0.003549815
0.003899347
-0.007266814
0.002003644
0.008516087
-0.005246032
0.001902605
0.008113269
-0.0007185199
0.002154013
-0.001884507
0.002691067
0.004825747
0.002137324
0.008062773
-0.0004413257
-0.001148359
0.001324913
0.007737663
0.001400438
-0.005349717
-0.001584089
0.002463055
0.003420606
0.001312508
0.005319857
-0.008209653
0.007252424
0.007373065
-0.002076305
8.659883e-05
0.003889206
-0.006490439
-0.003478869
0.008933665
-0.005802138
0.003294896
0.007245158
0.002317697
0.001114015
0.003846652
0.008410907
-0.005344204
-0.00400563
0.003495166
0.004584827
0.007006317
0.0004205038
0.00201596
-0.003025467
0.003361065
-0.001511082
0.001594964
-0.003865876
0.007466164
-0.003348685
0.001926864
0.001505395
0.00799072
0.001242802
0.0004966888
-8.276433e-05
0.0009100311
-0.00547265
0.002242433
-0.005323586
0.001749928
-0.02785931
-0.002228318
-0.006628527
0.001984556
0.008583007
0.003327506
-0.007266542
-0.001459666
0.005911347
0.004687043
0.00203839
0.0001696785
-0.01315022
-0.0002578981
-0.003013736
-0.01310726
0.001833181
-0.000174444
-0.005949274
0.003066546
0.001049226
0.01216032
-0.004152614
-0.002430346
0.00303701
-0.006519211
-0.001134331
0.01033578
0.004655181
0.007625449
0.003323253
-0.005716008
0.008264862
0.003472961
0.005817646
-8.407247e-05
-0.007849798
0.005745685
-0.0002527912
-0.008633147
-8.500871e-05
-0.001701694
0.004248817
-0.0001696065
0.004400447
0.003540125
-0.002864849
-0.01282341
-0.001111729
-0.007730669
-0.001294275
0.003103451
-0.0009472552
0.003354409
0.008549984
0.002550805
0.001188153
0.0005087764
0.009365972
-0.0005040323
-0.01396139
-0.0005113782
-0.001450327
-0.01064296
0.003101579
0.008394773
-0.004359913
0.007511131
-0.0008507019
-0.007517548
0.005217031
0.004850454
-0.003316189
0.0005960237
0.00288993
-0.003230471
0.001276433
0.001104926
0.004999375
0.002953963
-0.0004214608
-0.001181036
-0.0004221369
0.001940356
-0.008208907
0.0005946566
-0.00144478
-0.0007657294
-0.004948816
-0.01708116
-0.0008704736
-0.0009583969
-0.006120505
-0.002019227
-0.006435993
0.001767409
0.001588002
0.0001762891
-0.008941673
-0.008035758
-0.002153819
-0.006851194
-0.002626694
0.002083806
-0.002537382
-0.00127111
0.004803562
0.00261863
0.007814996
-0.00125347
-0.002421852
0.01293795
-0.007832009
0.00587975
-0.003559356
0.0007128854
0.001513196
-0.006872266
0.0003581662
0.01386935
0.0007943163
0.007646036
-0.002893343
0.002455495
0.007765166
-0.001826802
0.001826802
0.0005213311
0.001215383
-0.00208442
-0.002263035
0.01022982
0.002756246
0.001031637
-0.001031637
0.00137528
-0.002149706
-0.01439248
0.003574079
0.006332155
-0.004072267
-0.01047313
-8.773854e-05
0.001578117
0.01097763
0.0003465304
0.007593444
0.006426482
0.003070103
-0.003070103
-0.002137575
-0.004202948
0.00266106
0.005556757
-0.003843695
-0.01118772
-0.007034638
-0.002618031
0.004533574
-0.003660135
0.006353096
-0.009238344
0.00558807
0.001392152
0.001129698
0.003900668
0.005091265
0.003008038
-0.004903447
-0.002158243
-0.002336146
0.003027291
0.00060436
0.006452468
-0.001544799
-0.0004295348
0.007959304
-0.001364839
-0.001965225
0.001282106
0.002388876
-0.001193725
-0.01003224
0.005928616
-0.003690516
0.005060262
0.005800579
0.002124135
-0.002975054
0
0.002125942
0.002545178
-0.003565066
-0.002639535
-0.004528955
-0.00265855
-0.0001717623
0.006250288
0.003153098
0.002634152
0.001272103
-0.002800766
0.001528663
0.001526329
-0.002800053
0.01014465
0.006622818
-0.001588828
0.0003347
0.002339769
-0.004685025
-0.005212724
0.003870104
-0.006233174
0.003205672
0.004956952
-0.0005868299
-0.001006796
-0.004290227
-0.008551041
-0.001957531
-0.004782247
0.001625113
0.000939649
0.00799392
0.002875753
-0.008141158
0.002551239
0.001527625
-0.003823447
0.00568738
-0.003561439
0.002884046
0.0005080871
-0.00330719
0.003645771
-0.001355014
-0.01184959
-0.005848473
0.001637578
0.0001722208
0.001290711
-0.006383735
-0.001905752
0.0003467707
-0.003386155
0.0007824386
0.0005212859
0.009509062
0.006773874
0.001110305
0.002387246
0.001531654
0.001953706
0.00254259
-0.001779134
0.003893031
-0.001098669
0.005397213
0.000252281
-0.001430435
0.001598587
0.0005883095
-0.001597646
0.006291703
-0.002511933
-0.004284821
-0.002360281
0.008069305
0.0005858476
0.008083041
-0.00107951
0.002323652
-0.0008292562
0.006450035
-0.0008246063
0.002800892
-0.0001645413
-0.006355516
0.001654671
0.004618565
0.002301308
-0.0009034537
-0.005603179
-0.002896274
0.002896274
-0.005634751
8.309444e-05
0.002489628
0.00446577
0.003295167
0.00147929
-0.004361967
-0.003635767
-0.0109036
-0.002178285
0.007270328
0.007383168
0.002558918
-0.001650165
-0.002811546
-0.01745857
-0.0028692
-0.006783711
-0.006059332
-0.006957894
0.004214879
-0.0007728307
0.00804248
0.006794081
-0.005431567
-0.00469144
-0.005401016
0.007962712
-0.004187503
0.006912765
-0.002213709
0.004337664
-0.0003395298
0.0002546581
0.0001697361
-0.0003395009
-0.008268384
0.007843846
-0.001614891
0.001105207
0.009639851
-0.0009261209
-0.0005055186
0.005630504
-0.0004190939
-0.001762115
0.002432581
-0.00310468
0.002350375
0.004767689
-0.007370218
-0.005817156
0.0007606813
0.003794751
-0.002865815
0.0004219587
0.0008433837
0.007391265
0.0007528546
-0.001255073
0.002759084
0.002335086
0.002329646
-0.00141378
-0.001665834
-0.0005836982
-0.00075097
0.004746647
-0.001496508
0.001496508
-0.001246935
0.004316076
0.004627343
-0.001732745
0.003956158
-0.0008229099
0.0004115396
-0.0004938678
0.002138335
0.0005749251
-0.00254861
0.002302254
0.002788487
-0.003117056
-0.00189137
-0.003380471
0.002145038
0.002304907
0.001314708
-0.0001642441
0.004997348
0.004891181
0.004705509
0.0009707953
-0.002266657
0.001700474
0.0006470398
0.003309524
-0.002016699
-0.002830229
-0.007885899
0.003991371
0.003084418
-0.008709509
0.0006538085
0.003425499
0.003657203
0.000567698
-0.009367559
-0.0004911591
0.003024979
-0.004171956
-0.0007380377
0.003766483
-0.004340889
0.001886097
-0.00748328
0.001319806
-0.006118756
-0.001992529
-0.009938696
-0.004880111
-0.001265983
0.006062155
-0.00353179
0.005376809
-0.007738284
-0.003298519
0.00372062
0.01074557
-0.008974688
-0.005830428
0.00397514
-0.00219706
-0.008666154
-0.02733498
-0.00193118
0.005957092
-0.0006115941
0.004621362
0.007453666
0.002673222
-0.0006030064
-0.01170111
0.007123651
0.002507242
0.0001726817
0
0.0032753
-0.009163273
0.001561958
-0.0153782
-0.00123348
0.004749349
0.002366243
0.009842856
-0.0005202012
-0.003300906
0.007109446
0.003966206
-0.01762275
0.01235981
-0.005899722
-0.003836099
0.01025472
0.0008642296
-0.006847858
0.008142803
-0.000690429
0.007825641
-0.001285733
0.00205638
0
0.001283093
0.001622892
0.004598101
-0.001785639
-0.001106995
-0.006496305
8.575226e-05
-0.008438869
-0.004246291
-0.009423331
0.005071714
-0.006212015
0.001315617
-0.0007014468
0.005946673
0.0002615405
0.004782826
-0.003476148
-0.001132355
-0.001744592
-0.0002619515
-0.01071125
-0.005576469
-0.01574554
-0.00533431
0.009653194
-0.005401526
0.002434298
-0.009045742
0
-0.01381604
0
-0.003414705
0
0.0043356
0.01588929
-0.003994196
0.009775603
-0.005237978
-0.006905352
0.0106109
0.001802614
0.006015191
-0.001074691
0.001522138
0.005264814
-0.0008903927
0.009662767
-0.001324211
-0.0002650528
0.00238295
-0.004151766
0.008637459
0.004378291
-0.00323809
-0.0007015083
-0.009430291
-0.01086193
-0.01815686
-0.001094491
-0.01101131
0.006621323
0.001740007
0.00100599
-0.0001828321
-0.00247151
-0.008560041
-0.01031368
0.001866194
-0.002426733
-0.001777113
-0.0005618504
-0.01263095
0.01188133
0.005888143
-0.006169397
0.004023774
0.001586339
-0.004766587
-0.004130686
0.004036996
0.001965649
-0.001778277
0.0006555228
0.004856192
-0.006542691
0.007287709
0.006772768
-0.001665742
-0.002782417
-0.001580146
0.004362563
-0.003432763
-0.005778747
0.008377597
-0.001391401
-0.01261051
-0.006980502
-0.01382093
-0.005968443
-0.008727751
0.01277478
-0.00859535
-0.00398465
-0.008704637
0.01045595
-0.004774674
-0.01773795
-0.003785242
-0.03369509
0.01383857
0.01123664
-0.005551925
0.006155729
0.01368858
-0.006970751
-0.009538704
0.007538103
-0.001603367
0.001403087
0.01904631
0.009778116
-0.005463961
-0.004510696
0.008514021
-0.000682361
-0.007045728
-0.00117913
-0.006114417
-0.00217865
0.004549958
0.0006905737
0.008054262
0.02263372
-0.01134955
-0.006599403
0.008242471
0.006257541
-0.0002879493
0.001247182
-0.0086664
0.01086915
-0.004698671
0.01232284
-0.001995724
-0.005532781
0.007053694
-0.01348335
-0.008314046
0.007928875
0.00557051
0.007537844
-0.005624151
-0.007195311
0.006621587
-0.008549113
-0.00309179
0.006654796
-0.007816686
0.00733594
0.006805029
0.007896906
-0.0005687743
-0.01000628
0.008392992
-0.00285334
0.009573987
-0.006340815
0.006906693
0.01059799
-0.003925973
0.01089853
-0.0001853053
0.002498729
-0.001479974
0.0001851166
-0.000925926
-0.004921772
0.004365805
-0.001205657
0.004906282
-0.009277365
-0.009458328
-0.001035538
-0.004152908
0.001323252
0.008652363
0.007091567
-0.001861331
-0.002144823
-0.0008405324
-0.008350192
0.0003767898
-0.01327285
-0.001337026
0.01121365
0.008750115
-9.36812e-05
0.003460373
0.005307522
-0.0005573618
0.002505686
-0.00371437
0.006491121
-0.0001848771
-0.000647339
-0.004729018
0.005930886
-0.0002772259
0.01093811
0.0004569757
0.005921759
-9.08389e-05
-0.002729011
-0.009794577
0.009521266
0.006629457
-0.003717982
-0.003549492
0.002731496
-0.0149318
0.01402213
-0.007032314
0.006577168
-0.00100205
-0.001459322
-0.007972551
0.001470994
-0.006174281
-0.003889974
-0.007451599
0.008842614
-0.007534569
0.007071112
-0.01118788
0.007937661
-0.01726284
-0.00531361
-0.003812797
0.001336133
0.02197891
-0.007774122
-0.005185022
0.002171554
0.004235101
-0.003952202
-0.009092694
0.007960618
0.001132076
-0.007191553
0.004358957
-0.04348091
0.01021821
-0.02544314
0.009381306
-0.01229339
0.02708365
-0.006874904
-0.01000355
0.009313453
0.003347448
-0.01295957
-0.01808549
-0.01049798
-0.05215648
0.006884709
0.02540357
0.01863794
-0.0001025904
0.008275909
0.006794124
0.01534403
-0.01534403
-0.009239113
0.001121362
-0.001937689
-0.02501422
0.004282214
0.007372444
0.003820543
0.003600642
-0.006490519
-0.01846399
0.004621857
0.01322178
-0.01206965
-0.0007330227
0
-0.0185024
-0.0007472645
-0.004173584
-0.005052959
-0.006487912
0.006380124
-0.003563526
0.005394338
-0.01060042
-0.007641124
-0.00637575
-0.007749402
-0.02407045
0.02217935
-0.003681191
0.006572009
0.005535887
0.001213793
-0.0003308884
-0.00497651
0.001882927
0.004636793
0.003628172
0.0225704
0.01067246
-0.01605171
-0.01686197
-0.009922904
-0.01484651
0.008176111
-0.004135701
0.003466208
0.007783006
-0.001108156
-0.02685706
0.009521722
0.00090212
0.005956078
-0.002917417
-0.001349376
0.01007622
0.0006681515
0.0003339084
-0.008605809
0.00492667
0.01639563
0.01027556
-0.005233901
-0.009005112
0.0001103083
-0.001214061
0.01414575
0.003586765
0.01763676
0.002980311
-0.002340925
0.008063704
0.02060419
0.007528525
0.01245677
-0.008253142
-0.00584887
0.01013678
0.01194951
-0.01032084
-0.004485227
0.01006362
-0.004866683
-0.006628281
0.001226994
0.001837673
0.001325111
0.00690288
-0.007820077
-0.04408571
0.02452367
0.01157755
0.005738897
-0.001636327
0.007850374
-0.004886501
-0.005628629
0.01739705
-0.002221326
0.00554409
0.004613387
0.007079146
0.0005959476
-0.007575039
0.004790906
-0.001295272
-0.001796228
-0.01044186
0.002922653
-0.0008053962
-0.0008060454
-0.009316523
0.003148969
-0.004676231
-0.002652792
-0.008206858
-0.005267247
-0.0008287579
0.004962276
0.01829101
0.004848494
-0.001209922
-0.003638573
-0.001621403
0.004048589
0.000101005
-0.01588143
-0.00886421
-0.008734588
-0.001358625
-0.007663677
0.01215056
0.0005204268
-0.009829631
-0.001998633
-0.005490458
0.003804295
0.00210726
0.01825154
-0.01258402
0.01020417
-0.008426578
0
0.006767687
0.01860758
0.003862971
-0.009788006
0.005415637
-0.003061852
0.003469391
-0.001427115
-0.01822069
-0.006357168
0.007395482
-0.002181706
-0.00260349
-0.00606633
0.0006292606
0.00866439
-0.01065841
0.00680524
0.006033515
-0.0001037183
-0.005303949
0.0005212406
-0.009950331
0.001157225
-0.02351047
-0.00118477
-0.00496976
0.004430763
0.003122143
0.01132975
-0.005328231
0.005221944
0.004665968
-0.01234846
0.004381987
0.01039687
0.001160276
0.004837532
-0.007582176
0.005586901
0.005660392
-0.01188174
0.007271993
0.001888377
-0.004517052
0.006087979
0.02163533
-0.004310352
-0.01335631
0.002290475
-0.007306159
-0.008627092
-0.003280947
0.004125898
-0.009014325
0.002659718
0.005086912
-0.001375152
-0.002013246
-0.0003182517
-0.007241007
-0.0002137666
-0.007833919
0.002904633
-0.007115166
0.001189382
0.002266718
-0.005839117
-0.003911773
0.0001088672
-0.01712822
0.006072334
0.00110011
0.0005496016
0.001646995
0.00175381
0.006114224
-0.008636293
0.004054134
-0.00317617
-0.01469721
-0.005469679
0.01024508
-0.008567507
0.002678274
-0.001226652
-0.0006697176
-0.008860037
-0.000112657
-0.003611742
0.01403492
0.0002229654
-0.003014236
0.01056563
0.003754421
-0.0001102232
0.001211788
0.002309343
0.004165303
0.005019105
0.0008703221
0.0008695653
-0.01059482
0.00372644
-0.01000503
0.0006627637
-0.002875154
0.007282389
-0.005622638
-0.006544308
0.0006674825
-0.001112718
0.0064366
-0.009447139
-0.00301963
0.001455034
-0.000559378
-0.004598741
-0.0005622716
0.002696025
-0.006302069
-0.01055449
-0.008938863
-0.008671076
0.005789063
0.00587052
0.01220571
0.01875722
-0.004796172
-0.01158292
-0.006581957
0.004203835
0.01161034
-0.006521273
0.01411314
-0.004347106
0.009228953
0.001327287
0.005291601
0.007885267
-0.001637644
0.001855794
-0.001309615
0.004141244
0.007691929
0.004522458
-0.005710299
-0.01162867
0.01141255
0.008394367
-0.006558811
-0.008667443
-0.01039112
0.004716731
-0.003837514
-0.002639975
0.003737911
0.001096732
-0.01080019
-0.001996451
0.0005549698
-0.00545203
-0.002457553
0.007465632
0.00332484
0.004636282
-0.004525644
0.007933926
-0.02219601
0.001569859
0.0007840063
0.001454383
0.004795637
-0.0006677797
0.002002003
0.005098094
0.003641383
0.007024505
0.005562538
-0.009068623
-0.01181355
0.0002220988
-0.01352656
-0.0001125556
0.0049405
-0.003703085
-0.005863136
0.006649785
0.01449786
-0.0002214594
-0.00455076
0.008088239
-0.0002207262
-0.001546449
-0.0001105522
-0.0002211411
-0.0001105889
0.0004422822
0.0004420867
-0.005317983
0.00244092
0.01811942
0.008668382
-0.001403509
0.0009718698
0.002587045
0.005475348
0.004593289
0.007221015
-0.002436571
-0.004997618
-0.00234792
-0.004605095
0.001287278
-0.0007507105
-0.004623913
0.002475915
0.000322494
-0.0109149
0.001628576
0.01186254
-0.0004289084
-0.0024698
0.01250083
-0.001274968
-0.01122586
0.01133217
0.000956277
0.000849257
0.004658065
-0.001056747
-0.002964848
-0.02230416
-0.005981855
0.0185891
-0.00601441
0.001076658
-0.002478049
-0.008232282
0.001521574
0.004767073
-0.01480863
-0.01202906
0.00155314
0.003099062
-0.006652647
0.004329251
0.004751653
0.001101807
0.003846793
0.01145238
0.001300531
-0.005430074
0.001849535
-0.007637789
0.002625248
-0.005477065
0.007441488
0.0008718396
-0.006009305
0.001533071
-0.005156064
-0.001430852
0.004286427
-0.006491743
-0.008536164
-0.004686985
-0.0005594406
-0.001343936
-0.009458465
0.00113071
-0.01216546
0.003083778
-0.001597809
-0.004464549
0.01457885
0.0004521818
0.0005649398
-0.003281103
0.003958609
-0.01340929
-0.01162202
0.004273264
0.005172723
0.0009168004
-0.003442344
0.003556885
-0.001260673
0.007767917
-0.002962965
-0.008596534
-0.005077911
-0.0001157073
-0.006268157
0.004415018
-0.004997395
-0.00678048
0.007362857
0
-0.006073366
0.005490989
0.004301582
-0.01014409
0.002107236
-0.002341647
-0.0004689882
0.004212996
-0.005503849
-0.01181209
0.004741593
0.0005911214
0.005774573
-0.005065688
-0.006754781
0.004508253
-0.003913899
0.003558723
-0.008323473
0.001193318
-0.0002385496
0.003572283
-0.007157373
-0.005763013
0.03059285
0.001050482
0.0005831244
-0.0003498338
-0.004441854
-0.01166572
-0.0005928034
-0.000949217
-0.0008313046
-0.004166921
-0.002508512
-0.0009572814
-0.0027573
0.0003600792
-0.001921923
-0.004458644
-0.005449605
-0.005967986
-0.001466993
0.0008560074
-0.004532933
-0.001474564
-0.001969474
0.005406747
-0.005653204
0.0002464572
0.003935076
-0.01073488
0.008277273
0.003316345
-0.006890639
-0.006316984
0.002234083
0.001734176
0.00752115
-0.009875404
0.009138122
-0.002584776
0.0001232362
0.01686257
-0.001091108
0.005564306
0.006133144
-0.003122001
0.005875669
-0.00179501
-0.000359389
-0.007215039
0.006256036
0.008360254
0.003087522
-0.009291312
0.005251862
-0.00561095
-0.009623556
-0.0003626912
0.004102817
0.01339733
-0.003690261
0.0002384927
-0.003583377
-0.0005984799
0.006206752
0.002258276
-0.0009502317
-0.005123023
0.000477669
-0.00239063
-0.00708584
-0.0007234145
-0.008478733
-0.003777958
-0.002812253
-0.001347792
0.004892378
0.01525638
-0.0008414979
-0.001323786
-0.003135933
0.006982092
-0.0008400841
-0.006867083
0.003258708
-0.00398431
-0.007650775
0.01199651
-0.004708732
-0.002302055
-0.001092299
-0.0009719354
0.009195467
-0.01211695
-0.0007317073
-0.005995735
0.004164121
-0.004164121
0.006239697
0.004988148
-0.005842276
0.00669143
0.007730441
0.004921093
-0.002397508
0.005625052
-0.0007163324
-0.005749207
-0.0003604253
-0.003370249
-0.006653384
-0.008777333
0.001101389
0.002199146
-0.0009768011
-0.002936141
0.009632459
-0.0007283322
-0.002796864
0.006917084
0.001087811
0.002413129
-0.01468919
-0.001468609
-0.01021736
-0.00807508
-0.01799809
0.03002477
-0.0003697997
-0.001357103
-0.0007410152
-0.00148368
0.00370508
0.006757198
0.008655952
0.007256926
-0.002654762
0.01546701
-0.0008331846
0.007946433
0.007180303
-0.003289477
0.0001176678
-0.00483577
-0.009384163
-0.002389773
-0.004316036
-0.001202212
-0.008456199
-0.0002426595
0.002060732
-0.009368035
0.001343676
0.0001220629
0
0.008144456
-0.01254813
-0.003192537
-0.0009843732
-0.002588599
-0.004081386
-0.007089141
0.00485589
0.001861389
0.001115173
0.000371448
-0.000371448
0.0001238313
0.0007426662
0.007027956
-0.0002457606
0.00502606
-0.001713377
0.002080148
0.003782107
-0.001950269
-0.006364771
-0.008508591
0.006665046
-0.005798548
0.001977751
-0.007436822
-0.00236657
0.0002493766
-0.004247882
0.002500939
0.002370113
-0.001246728
0.004232547
0.002605299
-0.0001239081
-0.007462721
0.001995511
-0.001371486
-0.001123525
0.00485952
-0.001617217
0.007071551
-0.000494621
-0.0006186205
-0.001982161
0.002105916
0.004075338
-0.002962234
0.004440066
-0.007659086
-0.003353832
-0.01050666
-0.006813047
0.001518027
-0.001011762
0.0008853476
-0.002404912
-0.001902709
-0.003688868
-0.0003823848
-0.001658693
-0.003453793
-0.0006409024
-0.001539844
-0.008900413
-0.004024673
0.003376627
-0.003376627
0.02745874
-0.006730611
-0.01217886
-0.00478377
-0.00976761
0.003527341
0.001433505
-0.0007816572
0.0003909049
-0.003915943
0.0007844163
-0.0007844163
0.004046211
-0.002347419
0.00247767
0.00778416
-0.00987021
0.004427667
-0.00273242
-0.003262646
0.004044099
-0.0002604167
0.008945415
-0.001162265
0.0005167291
-0.001550989
-0.002071735
-0.003505814
-0.002213687
-0.0001303696
0.002474121
-0.00534656
0.0005228758
-0.001831263
-0.0009168905
-0.000131053
0.0006550934
0.003269045
-0.001175626
0.002219467
0.004683849
-0.004944708
0.002605525
0
-0.002866451
0.001694805
-0.001433879
0.008313896
-0.005448191
0.006224086
-0.007265211
-0.0006512537
0.0005210369
0.001561484
-0.01058764
0
-0.00289512
0.002237874
-0.003292726
-0.001055966
0.02928181
0.003968005
-0.003070627
-0.001025641
0.002690068
-0.00140818
-0.003464874
-0.0002571355
-0.002446091
-0.007244534
-0.0003895851
0.0003895851
-0.0005194805
-0.0006497304
0.0005198181
0.001298364
0.004401871
0.003224353
0.005009323
-0.002437305
-0.00360268
0.0002577652
0.003601753
-0.001413428
-0.0005144695
-0.0005147343
-0.0002574665
-0.00115942
0.003731108
-0.0001284274
0.0028216
-0.002693173
-0.00282922
0.003984325
-0.002568714
0.003081667
0.001665279
0
-0.003847145
0.001925423
-0.003468434
-0.009438301
-0.00403515
0.0001304206
0.006499438
-0.001556017
-0.002338575
-0.0005204268
0.0007805386
-0.001822205
0.001822205
-0.001301236
0.0001301999
0.005453143
-0.003372247
-0.0006498148
0.01111841
0.004489777
-0.008483341
-0.01024985
-0.005230137
0.0007862666
-0.003017385
0.000262743
0.005371075
0
0.004432285
0.0002601118
0.006739269
0.001935609
-0.0006447869
0.0111604
-0.002170999
0.007006844
0.007084154
0.005029559
0.007123694
-0.001121426
0.008318379
-0.005703673
0.0002486634
0.008171396
0.0007395538
0.004916431
-0.00159519
-0.007024491
0.002470357
0.005413399
0.01328559
-0.004611659
0.00545886
0.01345851
-0.005985891
0.0007202017
-0.000360036
0.003714136
0
-0.01348443
-0.001819837
0.00593258
0.003735169
-0.004943045
-0.005575096
0.001578724
-0.003038223
0.0002433978
0.005339819
-0.003516221
-0.009396616
-0.002455194
-0.005175612
-0.0007415647
-0.0001236476
0.001482763
-0.006565524
0.00322621
0.007036632
0.00343854
0.0003677147
-0.005406747
0.0006158773
0.00147656
-0.006785542
-0.003720704
-0.008359896
0.00450057
0.0002494388
0.002117721
-0.006491908
0.0005008765
-0.001127325
-0.001881704
0.003384522
-0.0006258998
-0.000375728
0.003251629
0.002867654
-0.01328507
-0.001515152
0.002145788
0.008412379
-0.008160236
0.001763225
0.002136887
-0.002514459
-0.006440636
-0.008141503
-0.001022364
0.001150086
0.003442344
0.006849342
0.007053814
-0.002513511
0.0003774297
-0.0007550019
-0.001133573
-0.0007564297
-0.008104388
0.003807111
-0.0003800595
0.007825359
0.008014067
0.004231494
-0.01274858
-0.0005032713
0.004645623
-0.006030927
0.005780363
-0.004898584
0.004397268
0.002253945
-0.004261726
0.0006278647
-0.002765558
0.003267566
-0.005157569
-0.001135718
-0.005063302
0.003041057
-0.003167968
-0.002414386
-0.001400471
-0.001402435
-0.002427031
0.0002557545
0.0003835091
0.003954339
-0.004465717
-0.001279591
0.001151705
0.0003836072
0.00484633
-0.005485757
0.00688427
-0.003436211
0.002546475
-0.00509945
0.001277303
0.006108444
0.0008877053
0.004552936
0.003149609
-0.001132717
0.0002518257
-0.003026102
-0.009261087
0.002418689
0.0002542588
-0.002163264
0.002798628
-0.002161888
-0.003187762
0.0006383658
-0.0001276406
0.007883067
-0.01043931
0.001278936
-0.005896697
0.001028013
-0.005796371
0.0104094
0.005863624
-0.001144529
-0.002420538
-0.001276324
-0.001661661
-0.003459989
0.0001283615
-0.001669986
-0.002059203
0.003857533
0.001026167
0.0001281969
0.007152924
-0.001655946
0.002800766
-0.005481561
0.0003834111
0.002297385
-0.001658693
0.005729945
0.002029427
-0.002283396
0.006329936
0.0002523659
0.007291044
-0.0006264487
0.0003759163
0.00275241
-0.005135603
0.002257904
-0.002886005
0.004513548
0.002498752
0.004854681
-0.004480406
0.001371144
-0.005370649
-0.001378533
-0.003517592
-0.0005035247
0.009773289
0.011899
0.001477469
-0.001231072
0.006629859
0.007801112
-0.0002428658
-0.002797205
0.001460387
-0.004754077
0.002684565
0.005832337
-0.003641223
-0.004631331
0.006574966
-0.001335843
0.0009716993
0
0.000606833
0.008216576
0.005280857
-0.0002394349
0.002152853
0.003577821
0.003802286
0.0001185888
-0.002731107
0.008406893
0.00950544
0.005125827
0.0006969451
0.00601993
0.005295281
-0.002068728
0.0139383
-0.005232636
-0.004228819
0.006734801
0.002953541
0.01195188
0.001344086
-0.007753283
-0.0001128095
0.00864931
0.005465409
-0.01434038
-0.00203321
0.01792966
0.01104495
-0.003410907
-0.000882126
0.004402869
0.002522899
0.01370928
0.0003241316
0.008283625
0.002354201
-0.003426128
-0.005592615
0.00773532
-0.003215782
0.002680536
-0.003110089
0.005783458
-0.00106849
-0.0001069119
-0.006112947
0.004186577
0
-0.02132923
0.005456742
0.005210607
0.01098321
-0.0006427424
0.000749826
0.00267337
0.01441925
0.0104713
0.001249219
-0.001665973
0.0004167535
0.001665279
-0.009403475
-0.003575564
-0.0007377352
0.006934258
-0.004722683
-0.006120099
-0.001482894
-0.001272805
0.001696713
-0.003821661
0.001487937
-0.009175355
0.001392385
-0.0050432
0.03342812
0.007669226
0.0208426
0.001212611
0.005940711
-0.00190926
-0.004435491
-0.009950331
-0.001429593
-0.001226994
0.004898969
0.01073428
0.0001007201
0.001409018
-0.000402374
0.0003017957
-0.01601981
0.002551933
-0.005827939
-0.002464067
0.006965814
0.01157021
0.002519528
-0.003529119
-0.001010612
0.003935622
0.02437568
0.0009824149
0.00333301
0.002541297
-0.002149908
0.007407441
-0.004281828
-0.001756955
0.01126882
-0.01813092
-0.006711435
0.01073637
-0.01142982
0.001485369
-0.002278469
-0.01649955
0.009732681
-0.009934355
-0.01421921
-0.005744784
0.01713628
-0.02105341
-0.01519438
-0.01128406
0.0005301384
0.005602256
0.003472408
0.000210062
0.03061252
-0.0071553
0.00225433
0.001738508
-0.004505896
0.009906633
0.008198012
0.004124132
0.00809802
-0.006092403
0.01115772
0.001287065
9.893643e-05
-0.009742596
-0.01307208
0.0059539
0.006518601
-0.006719849
0.00331542
0.008986581
-0.002986563
-0.00700353
0.001605137
0.004500683
-0.006507507
-0.01334701
-0.004488887
0.002246962
0.003361005
0.009613026
-0.002621762
-0.005061252
-0.007026863
-0.01161549
-0.007159564
0.002184429
0.002075982
0.01665848
0.0009173845
-0.003470099
-0.002149328
0.003477553
-0.008407719
0.005544731
0.008869012
0.0004058853
0.0007099032
-0.01367787
0.003590668
0.008260717
-0.002440514
0.01224402
0.001808682
0.004707305
-0.01044606
0.005136222
0.006707739
-0.001397903
-0.008428707
0.001409727
-0.004033077
0.001816898
-0.001210898
0.002923831
0.0005032459
-0.006258222
0
-0.001418584
0.003340591
-0.006590645
-0.0001017346
-0.00244474
-0.007062104
-0.002880068
0.001235331
-0.001853569
-0.0008249124
0.002987075
0.008806119
0.003358611
0.001624366
0.003240837
-0.01067354
-0.0008179123
0.003777249
0.000407498
-0.00920911
0.0008220305
0.001026589
0.002459522
0.003983866
0.0005096061
-0.0004076641
0.006907789
-0.001621074
-0.0002028192
0
-0.0004057618
0.004757335
0.006241212
-0.003417776
0.00622367
0.002398802
-0.001298637
0.0009991009
-0.001199041
0.009255179
0.003362345
0.004039613
-0.00315147
0.007860131
0.002638911
0.005742388
-0.006621251
0.001171646
-0.006461109
0.01035671
0.003299372
-0.00407728
-0.004093972
0.007104999
0.001647367
-0.003588927
-0.002724532
0.005344748
0.009453143
-0.0008644288
-9.609379e-05
0.001920123
0.004402342
0.003146306
-0.0004760771
0.002378122
-0.003903094
-0.003631155
-0.0007661368
0.001531687
0.003151715
-0.001240399
-0.006513433
-0.007233479
0.004731794
0.005955257
-0.0009581298
0
-0.00172695
0.002110313
-0.006826621
-0.01203547
-0.001465774
0.005266763
-0.005853675
0.006145461
-0.005362989
-0.01150512
0.005031333
-0.002364533
0.004527121
0.004702203
-0.001760736
0.004785866
-0.00146263
-0.00273598
-0.003725129
0.004800871
-9.774693e-05
0.0001954843
0.003804326
-0.002632222
-0.002345584
0.001564334
-0.002347419
-0.0003917728
-0.007078284
0.008057428
0.001369193
0.006915051
0.003391312
-0.001452011
-0.0004844727
-0.004273511
-0.006052933
-0.00648396
0.001575734
-0.002463177
0.00167562
0.008336242
-9.767056e-05
-0.001661861
0.001075637
-0.0001954843
-0.001956948
0.007999262
0.0005828072
0.005230036
0.0028938
0.001155179
-0.005305564
-0.003390983
-0.00896867
-0.00264745
-0.004132237
0.001280851
0.002458574
-0.002064796
0.006866138
-0.0007823196
0.002052285
