  PERMNO        date            ge         vwretd        ewretd        sprtrn
   12060    19810130       0.000000     -0.040085      0.005615     -0.045742
   12060    19810227       0.089796      0.015521      0.002150      0.013277
   12060    19810331       0.014981      0.046184      0.072674      0.036033
   12060    19810430      -0.020522     -0.011268      0.027885     -0.023456
   12060    19810529       0.001905      0.013551      0.027187     -0.001657
   12060    19810630      -0.046768     -0.010242     -0.013194     -0.010408
   12060    19810731      -0.014141     -0.003080     -0.019980     -0.002210
   12060    19810831      -0.084016     -0.056279     -0.071906     -0.062099
   12060    19810930      -0.003579     -0.063772     -0.090061     -0.053832
   12060    19811030      -0.011390      0.060162      0.069728      0.049148
   12060    19811130       0.112903      0.045849      0.021667      0.036590
   12060    19811231      -0.036439     -0.028096     -0.019694     -0.030075
   12060    19820129       0.089325     -0.026209     -0.017347     -0.017544
   12060    19820226       0.006000     -0.051126     -0.047987     -0.060548
   12060    19820331       0.020676     -0.010099     -0.012064     -0.010167
   12060    19820430       0.011834      0.043267      0.052242      0.040014
   12060    19820528      -0.035088     -0.028212     -0.022490     -0.039162
   12060    19820630       0.042020     -0.023912     -0.036699     -0.020290
   12060    19820730       0.033399     -0.020526     -0.014776     -0.022991
   12060    19820831       0.144487      0.119013      0.063285      0.115977
   12060    19820930       0.004651      0.016761      0.033164      0.007614
   12060    19821029       0.148829      0.118636      0.128447      0.110364
   12060    19821130       0.087045      0.051935      0.092037      0.036123
   12060    19821231       0.025676      0.014516      0.023447      0.015158
   12060    19830131       0.090909      0.041850      0.117062      0.033134
   12060    19830228       0.048309      0.030218      0.047266      0.018995
   12060    19830331      -0.024424      0.034673      0.050515      0.033095
   12060    19830429       0.065476      0.074188      0.080687      0.074922
   12060    19830531      -0.075978      0.013224      0.091740     -0.012346
   12060    19830630       0.073277      0.037837      0.046341      0.035224
   12060    19830729      -0.093182     -0.031567     -0.017556     -0.033014
   12060    19830831       0.025063      0.003464     -0.032920      0.011319
   12060    19830930       0.041076      0.016059      0.000051      0.010158
   12060    19831031      -0.018957     -0.028049     -0.059273     -0.015174
   12060    19831130       0.113527      0.029556      0.031713      0.017426
   12060    19831230       0.026258     -0.010464     -0.019672     -0.008834
   12060    19840131      -0.072495     -0.013023      0.005424     -0.009216
   12060    19840229      -0.043678     -0.039073     -0.050767     -0.038859
   12060    19840330       0.064904      0.013389      0.007449      0.013498
   12060    19840430       0.011390      0.002534     -0.020524      0.005466
   12060    19840531      -0.042793     -0.052342     -0.051570     -0.059356
   12060    19840629      -0.002353      0.023385      0.011996      0.017469
   12060    19840731       0.000000     -0.020621     -0.050303     -0.016451
   12060    19840831       0.078571      0.112689      0.088817      0.106332
   12060    19840928      -0.006623      0.000404     -0.000377     -0.003480
   12060    19841031       0.031390     -0.000074     -0.023756     -0.000060
   12060    19841130      -0.027391     -0.010685     -0.031506     -0.015112
   12060    19841231       0.022573      0.023656      0.002732      0.022374
   12060    19850131       0.128035      0.085718      0.121475      0.074085
   12060    19850228       0.004697      0.016896      0.046034      0.008685
   12060    19850329      -0.070727     -0.001747     -0.003581     -0.002925
   12060    19850430       0.000000     -0.002186     -0.009652     -0.004594
   12060    19850531       0.034672      0.055775      0.022221      0.054051
   12060    19850628       0.020619      0.017091      0.002103      0.012134
   12060    19850731       0.036364     -0.000251      0.021382     -0.004848
   12060    19850830      -0.048733     -0.004795     -0.002214     -0.011995
   12060    19850930      -0.048361     -0.039825     -0.056859     -0.034724
   12060    19851031       0.002174      0.044441      0.017652      0.042509
   12060    19851129       0.138829      0.069228      0.052563      0.065062
   12060    19851231       0.117410      0.043061      0.028021      0.045061
   12060    19860131      -0.025773      0.009829      0.044071      0.002367
   12060    19860228       0.101658      0.072500      0.060381      0.071489
   12060    19860331       0.012903      0.053885      0.047192      0.052794
   12060    19860430      -0.004777     -0.007900      0.016144     -0.014148
   12060    19860530       0.020800      0.050844      0.036194      0.050229
   12060    19860630       0.022947      0.014246      0.008087      0.014110
   12060    19860731      -0.098765     -0.059700     -0.073128     -0.058683
   12060    19860829       0.077055      0.066181      0.023269      0.071193
   12060    19860930      -0.078474     -0.079021     -0.059071     -0.085439
   12060    19861031       0.060870      0.049303      0.023777      0.054729
   12060    19861128       0.088525      0.015093     -0.006263      0.021477
   12060    19861231       0.043735     -0.026388     -0.034609     -0.028288
   12060    19870130       0.165698      0.128496      0.117565      0.131767
   12060    19870227       0.031172      0.047918      0.074612      0.036924
   12060    19870331       0.020605      0.023664      0.036283      0.026390
   12060    19870430      -0.013111     -0.017001     -0.017709     -0.011450
   12060    19870529       0.004831      0.005125      0.000573      0.006034
   12060    19870630       0.052019      0.043662      0.021487      0.047915
   12060    19870731       0.089655      0.044248      0.035123      0.048224
   12060    19870831       0.054852      0.037146      0.014544      0.034959
   12060    19870930      -0.010720     -0.020774     -0.015876     -0.024166
   12060    19871030      -0.229675     -0.225363     -0.272248     -0.217630
   12060    19871130      -0.105541     -0.072273     -0.050850     -0.085349
   12060    19871231       0.049558      0.070327      0.026065      0.072861
   12060    19880129       0.022663      0.044880      0.077392      0.040432
   12060    19880229       0.008310      0.051695      0.060265      0.041817
   12060    19880331      -0.104945     -0.016598      0.035690     -0.033343
   12060    19880429       0.000000      0.010991      0.014016      0.009425
   12060    19880531       0.040248      0.000448     -0.017671      0.003176
   12060    19880630       0.052976      0.051460      0.047677      0.043256
   12060    19880729      -0.025641     -0.007272      0.000289     -0.005411
   12060    19880831      -0.055556     -0.028006     -0.025001     -0.038600
   12060    19880930       0.082972      0.037202      0.016951      0.039729
   12060    19881031       0.005764      0.017637     -0.011485      0.025964
   12060    19881130       0.031519     -0.016412     -0.036484     -0.018891
   12060    19881230       0.003556      0.021075      0.018872      0.014688
   12060    19890131       0.081006      0.066103      0.062124      0.071115
   12060    19890228      -0.054264     -0.016446      0.002988     -0.028944
   12060    19890331      -0.018361      0.021465      0.018060      0.020806
   12060    19890428       0.098315      0.048204      0.029089      0.050090
   12060    19890531       0.117647      0.039338      0.025054      0.035138
   12060    19890630      -0.047414     -0.004866     -0.007744     -0.007925
   12060    19890731       0.133172      0.077131      0.031017      0.088370
   12060    19890831      -0.014957      0.022127      0.018626      0.015517
   12060    19890929      -0.012408     -0.001474      0.005532     -0.006544
   12060    19891031      -0.019912     -0.029281     -0.049934     -0.025175
   12060    19891130       0.119639      0.017815     -0.005800      0.016541
   12060    19891229       0.047903      0.018295     -0.012375      0.021417
   12060    19900131      -0.034884     -0.070115     -0.046408     -0.068817
   12060    19900228      -0.000482      0.014901      0.015434      0.008539
   12060    19900330       0.040486      0.024140      0.021315      0.024255
   12060    19900430      -0.003891     -0.028286     -0.028117     -0.026887
   12060    19900531       0.083516      0.088936      0.045675      0.091989
   12060    19900629       0.005445     -0.004196      0.005359     -0.008886
   12060    19900731       0.034296     -0.009405     -0.025732     -0.005223
   12060    19900831      -0.134380     -0.091896     -0.108911     -0.094314
   12060    19900928      -0.113387     -0.053843     -0.080468     -0.051184
   12060    19901031      -0.045872     -0.012504     -0.057155     -0.006698
   12060    19901130       0.052885      0.065744      0.035468      0.059934
   12060    19901231       0.057260      0.029513     -0.004526      0.024828
   12060    19910131       0.115468      0.049078      0.084175      0.041518
   12060    19910228       0.070469      0.075847      0.133898      0.067281
   12060    19910328       0.023897      0.028923      0.078293      0.022203
   12060    19910430       0.016158      0.003322      0.031962      0.000346
   12060    19910531       0.099081      0.040732      0.031385      0.038577
   12060    19910628      -0.042071     -0.044029     -0.031773     -0.047893
   12060    19910731      -0.010135      0.046795      0.034202      0.044859
   12060    19910830       0.022184      0.026819      0.027507      0.019649
   12060    19910930      -0.066644     -0.010975      0.008130     -0.019144
   12060    19911031      -0.005405      0.017789      0.024639      0.011860
   12060    19911129      -0.061594     -0.037275     -0.023735     -0.043928
   12060    19911231       0.189961      0.106778      0.035353      0.111588
   12060    19920131      -0.016340     -0.001182      0.149970     -0.019900
   12060    19920228       0.044850      0.013354      0.052124      0.009565
   12060    19920331      -0.029571     -0.023700     -0.014169     -0.021832
   12060    19920430       0.011551      0.013419     -0.033262      0.027893
   12060    19920529      -0.003263      0.006439      0.005678      0.000964
   12060    19920630       0.025205     -0.019287     -0.039215     -0.017359
   12060    19920731      -0.016077      0.039900      0.027617      0.039374
   12060    19920831      -0.032680     -0.020820     -0.023900     -0.023998
   12060    19920930       0.065405      0.012447      0.011050      0.009106
   12060    19921030      -0.019169      0.010986      0.016224      0.002106
   12060    19921130       0.084691      0.040193      0.066686      0.030262
   12060    19921231       0.034595      0.017768      0.035677      0.010108
   12060    19930129       0.007310      0.012643      0.067612      0.007046
   12060    19930226      -0.023222      0.005402     -0.007198      0.010484
   12060    19930331       0.066924      0.025116      0.031465      0.018697
   12060    19930430       0.016830     -0.025400     -0.011112     -0.025417
   12060    19930528       0.023448      0.029598      0.038740      0.022717
   12060    19930630       0.039137      0.005440      0.013419      0.000755
   12060    19930730       0.028721     -0.000795      0.013719     -0.005327
   12060    19930831      -0.002538      0.039479      0.039698      0.034432
   12060    19930930      -0.017761      0.000641      0.025507     -0.009988
   12060    19931029       0.011734      0.018064      0.040518      0.019393
   12060    19931130       0.014175     -0.017606     -0.024467     -0.012911
   12060    19931231       0.073393      0.019513      0.016190      0.010091
   12060    19940131       0.027414      0.031466      0.049166      0.032501
   12060    19940228      -0.022042     -0.024224     -0.009952     -0.030045
   12060    19940331      -0.044176     -0.045795     -0.045962     -0.045746
   12060    19940429      -0.047500      0.009478     -0.011728      0.011531
   12060    19940531       0.044619      0.009360     -0.000831      0.012419
   12060    19940630      -0.055578     -0.027909     -0.028182     -0.026812
   12060    19940729       0.080429      0.030633      0.015778      0.031467
   12060    19940831      -0.012407      0.042597      0.036756      0.037643
   12060    19940930      -0.025427     -0.018363      0.004865     -0.026898
   12060    19941031       0.015584      0.014520     -0.003305      0.020834
   12060    19941130      -0.058824     -0.037219     -0.040741     -0.039505
   12060    19941230       0.117609      0.012609     -0.013424      0.012299
   12060    19950131       0.009804      0.020399      0.027860      0.024278
   12060    19950228       0.063107      0.039615      0.028369      0.036074
   12060    19950331      -0.006210      0.027041      0.019518      0.027329
   12060    19950428       0.037037      0.025048      0.026976      0.027960
   12060    19950531       0.035714      0.034007      0.020270      0.036312
   12060    19950630      -0.020948      0.031173      0.049917      0.021279
   12060    19950731       0.046563      0.040783      0.054708      0.031776
   12060    19950831      -0.002119      0.009305      0.032043     -0.000320
   12060    19950929       0.089766      0.036362      0.026400      0.040098
   12060    19951031      -0.007843     -0.011317     -0.041473     -0.004979
   12060    19951130       0.061265      0.042708      0.016659      0.041049
   12060    19951229       0.079479      0.015191      0.008928      0.017444
   12060    19960131       0.065972      0.028144      0.034657      0.032617
   12060    19960229      -0.016287      0.016310      0.032305      0.006934
   12060    19960329       0.037550      0.010927      0.024086      0.007917
   12060    19960430      -0.008026      0.025511      0.058049      0.013431
   12060    19960531       0.071197      0.026800      0.062615      0.022853
   12060    19960628       0.048338     -0.008298     -0.032167      0.002257
   12060    19960731      -0.046571     -0.053819     -0.079602     -0.045748
   12060    19960830       0.010638      0.032463      0.045634      0.018814
   12060    19960930       0.100271      0.053019      0.028753      0.054173
   12060    19961031       0.063187      0.013739     -0.020842      0.026131
   12060    19961129       0.074935      0.065569      0.024696      0.073376
   12060    19961231      -0.044279     -0.011388     -0.002604     -0.021505
   12060    19970131       0.046776      0.053473      0.063831      0.061317
   12060    19970228      -0.006039     -0.001122     -0.010299      0.005928
   12060    19970331      -0.030182     -0.044868     -0.049224     -0.042614
   12060    19970430       0.118388      0.042373     -0.021596      0.058406
   12060    19970530       0.087838      0.071624      0.085194      0.058577
   12060    19970630       0.076605      0.044095      0.043145      0.043453
   12060    19970731       0.082846      0.076514      0.048824      0.078123
   12060    19970829      -0.107843     -0.036290      0.027605     -0.057446
   12060    19970930       0.092068      0.058499      0.081737      0.053154
   12060    19971031      -0.050505     -0.034436     -0.026145     -0.034478
   12060    19971128       0.143133      0.030404     -0.022063      0.044587
   12060    19971231      -0.002707      0.017817     -0.023875      0.015732
   12060    19980130       0.056218      0.004502      0.015367      0.010150
   12060    19980227       0.003226      0.073303      0.060451      0.070449
   12060    19980331       0.112379      0.051301      0.046884      0.049946
   12060    19980430      -0.011603      0.010903      0.023243      0.009076
   12060    19980529      -0.021277     -0.025748     -0.042571     -0.018826
   12060    19980630       0.089955      0.031939     -0.029150      0.039438
   12060    19980731      -0.012517     -0.023368     -0.050546     -0.011615
   12060    19980831      -0.105521     -0.157840     -0.196383     -0.145797
   12060    19980930      -0.001719      0.063828      0.043248      0.062396
   12060    19981030       0.099764      0.074393      0.037827      0.080294
   12060    19981130       0.032857      0.062024      0.075912      0.059126
   12060    19981231       0.132503      0.063051      0.018861      0.056375
   12060    19990129       0.028186      0.038456      0.064848      0.041009
   12060    19990226      -0.043504     -0.038085     -0.042172     -0.032283
   12060    19990331       0.106293      0.037932     -0.001373      0.038794
   12060    19990430      -0.047458      0.049105      0.083900      0.037944
   12060    19990528      -0.034994     -0.020709      0.025134     -0.024970
   12060    19990630       0.111248      0.050820      0.038391      0.054438
   12060    19990730      -0.032301     -0.030716      0.007271     -0.032046
   12060    19990831       0.030390     -0.009987     -0.030607     -0.006254
   12060    19990930       0.058765     -0.022846     -0.014250     -0.028552
   12060    19991029       0.142857      0.062147     -0.001351      0.062539
   12060    19991130      -0.039668      0.036823      0.091409      0.019062
   12060    19991231       0.192392      0.083758      0.084830      0.057844
   12060    20000131      -0.136511     -0.039612      0.050610     -0.050904
   12060    20000229      -0.009355      0.031820      0.120436     -0.020108
   12060    20000331       0.178735      0.053526     -0.000429      0.096720
   12060    20000428       0.010442     -0.059529     -0.088504     -0.030796
   12060    20000531       0.005167     -0.038967     -0.057324     -0.021915
   12060    20000630       0.005931      0.051591      0.079228      0.023934
   12060    20000731      -0.026903     -0.017072     -0.019354     -0.016341
   12060    20000831       0.140948      0.075910      0.059257      0.060699
   12060    20000929      -0.014711     -0.051054     -0.040102     -0.053483
   12060    20001031      -0.049837     -0.024597     -0.066807     -0.004949
   12060    20001130      -0.095781     -0.102492     -0.118559     -0.080069
   12060    20001229      -0.029559      0.020402     -0.007035      0.004053
   12060    20010131      -0.040834      0.039499      0.225012      0.034637
   12060    20010228       0.011309     -0.099263     -0.074508     -0.092291
   12060    20010330      -0.096344     -0.070260     -0.072716     -0.064205
   12060    20010430       0.159341      0.083832      0.076441      0.076814
   12060    20010531       0.009685      0.010576      0.062201      0.005090
   12060    20010629      -0.005102     -0.017464      0.007720     -0.025004
   12060    20010731      -0.104410     -0.018297     -0.028407     -0.010772
   12060    20010831      -0.057931     -0.058980     -0.035009     -0.064108
   12060    20010928      -0.088336     -0.091526     -0.127801     -0.081723
   12060    20011031      -0.021237      0.027835      0.078103      0.018099
   12060    20011130       0.057402      0.078774      0.080810      0.075176
   12060    20011231       0.045714      0.017859      0.057742      0.007574
   12060    20020131      -0.073104     -0.015984      0.018178     -0.015574
   12060    20020228       0.041184     -0.021699     -0.033060     -0.020766
   12060    20020328      -0.027273      0.044685      0.074666      0.036739
   12060    20020430      -0.157543     -0.049632     -0.003169     -0.061418
   12060    20020531      -0.012995     -0.010524     -0.015519     -0.009081
   12060    20020628      -0.061336     -0.070251     -0.067318     -0.072465
   12060    20020731       0.108434     -0.081135     -0.107499     -0.078995
   12060    20020830      -0.063665      0.007964      0.006337      0.004881
   12060    20020930      -0.176451     -0.099965     -0.084490     -0.110013
   12060    20021031       0.024341      0.074925      0.042773      0.086436
   12060    20021129       0.074059      0.061271      0.117775      0.057070
   12060    20021231      -0.095133     -0.053316     -0.040159     -0.060333
   12060    20030131      -0.049692     -0.023392      0.006068     -0.027415
   12060    20030228       0.047537     -0.015390     -0.021448     -0.017004
   12060    20030331       0.060291      0.010325      0.009434      0.008358
   12060    20030430       0.154902      0.082762      0.098222      0.081044
   12060    20030530      -0.025467      0.063471      0.133177      0.050899
   12060    20030630       0.005923      0.016335      0.049741      0.011322
   12060    20030731      -0.008368      0.023112      0.061927      0.016224
   12060    20030829       0.039733      0.024966      0.047429      0.017873
   12060    20030930       0.014542     -0.009112      0.025239     -0.011944
   12060    20031031      -0.026837      0.060318      0.080930      0.054962
   12060    20031128      -0.011720      0.016593      0.038147      0.007129
   12060    20031231       0.087548      0.045528      0.038907      0.050765
   12060    20040130       0.085539      0.023049      0.065763      0.017276
   12060    20040227      -0.027059      0.015459      0.013720      0.012209
   12060    20040331      -0.061501     -0.010694      0.006293     -0.016359
   12060    20040430      -0.018676     -0.024231     -0.043590     -0.016791
   12060    20040528       0.039065      0.014125      0.002592      0.012083
   12060    20040630       0.047558      0.021582      0.022729      0.017989
   12060    20040730       0.026235     -0.037667     -0.051082     -0.034291
   12060    20040831      -0.013835      0.002713     -0.004725      0.002287
   12060    20040930       0.030192      0.020546      0.041594      0.009364
   12060    20041029       0.016081      0.017805      0.020837      0.014014
   12060    20041130       0.036342      0.048209      0.079929      0.038595
   12060    20041231       0.038462      0.035179      0.052920      0.032458
   12060    20050131      -0.010137     -0.026556     -0.029278     -0.025290
   12060    20050228      -0.019651      0.022672      0.016636      0.018903
   12060    20050331       0.024432     -0.016935     -0.031835     -0.019118
   12060    20050429       0.003882     -0.025186     -0.046509     -0.020109
   12060    20050531       0.007735      0.037955      0.043808      0.029952
   12060    20050630      -0.044134      0.011534      0.032153     -0.000143
   12060    20050729      -0.004329      0.043327      0.058745      0.035968
   12060    20050831      -0.025797     -0.005946     -0.007217     -0.011222
   12060    20050930       0.008331      0.010565      0.010530      0.006949
   12060    20051031       0.007128     -0.020801     -0.033876     -0.017741
   12060    20051130       0.053377      0.040385      0.034319      0.035186
   12060    20051230      -0.011758      0.003455      0.013484     -0.000952
   12060    20060131      -0.065621      0.040033      0.076354      0.025467
   12060    20060228       0.011298     -0.001640      0.004836      0.000453
   12060    20060331       0.058108      0.019055      0.036978      0.011065
   12060    20060428      -0.005463      0.012962      0.009791      0.012187
   12060    20060531      -0.009540     -0.031046     -0.044331     -0.030917
   12060    20060630      -0.030648     -0.000406     -0.008479      0.000087
   12060    20060731      -0.008192     -0.001902     -0.022698      0.005086
   12060    20060831       0.041909      0.025062      0.025011      0.021274
   12060    20060929       0.043746      0.019424      0.009006      0.024566
   12060    20061031      -0.005382      0.037125      0.046211      0.031508
   12060    20061130       0.004842      0.023705      0.031168      0.016467
   12060    20061229       0.062642      0.010833      0.014800      0.012616
   12060    20070131      -0.031174      0.019428      0.022283      0.014059
   12060    20070228      -0.023856     -0.013957      0.002110     -0.021846
   12060    20070330       0.012890      0.012949      0.006545      0.009980
   12060    20070430       0.042421      0.039821      0.027044      0.043291
   12060    20070531       0.019533      0.038932      0.023123      0.032549
   12060    20070629       0.026078     -0.014756     -0.007906     -0.017816
   12060    20070731       0.012539     -0.031756     -0.043537     -0.031982
   12060    20070831       0.002838      0.011660     -0.011737      0.012864
   12060    20070928       0.072292      0.040860      0.025363      0.035794
   12060    20071031      -0.005797      0.025835      0.017406      0.014822
   12060    20071130      -0.069728     -0.049222     -0.076608     -0.044043
   12060    20071231      -0.023766     -0.004419     -0.010989     -0.008628
   12060    20080131      -0.046129     -0.062151     -0.045082     -0.061163
   12060    20080229      -0.054016     -0.021653     -0.021401     -0.034761
   12060    20080331       0.116777     -0.010420     -0.025310     -0.005960
   12060    20080430      -0.116455      0.051106      0.031907      0.047547
   12060    20080530      -0.060551      0.023842      0.031775      0.010674
   12060    20080630      -0.121094     -0.078434     -0.086626     -0.085962
   12060    20080731       0.059948     -0.013330     -0.001296     -0.009859
   12060    20080829      -0.006716      0.010564      0.013023      0.012191
   12060    20080930      -0.081495     -0.098005     -0.120105     -0.090791
   12060    20081031      -0.234902     -0.184603     -0.205222     -0.169425
   12060    20081128      -0.119939     -0.084615     -0.130320     -0.074849
   12060    20081231      -0.038439      0.022149      0.042157      0.007822
   12060    20090130      -0.251235     -0.077330     -0.024042     -0.085657
   12060    20090227      -0.272877     -0.100214     -0.107667     -0.109931
   12060    20090331       0.188014      0.086692      0.107441      0.085405
   12060    20090430       0.251236      0.109359      0.192761      0.093925
   12060    20090529       0.065613      0.067789      0.102330      0.053081
   12060    20090630      -0.123145     -0.003098      0.023917      0.000196
   12060    20090731       0.143345      0.081719      0.085217      0.074142
   12060    20090831       0.037313      0.031459      0.056864      0.033560
   12060    20090930       0.188489      0.045222      0.071237      0.035723
   12060    20091030      -0.131547     -0.027993     -0.050612     -0.019762
   12060    20091130       0.123422      0.057098      0.028444      0.057364
   12060    20091231      -0.049313      0.028419      0.054978      0.017771
   12060    20100129       0.062789     -0.037096     -0.011388     -0.036974
   12060    20100226       0.004975      0.034775      0.033603      0.028514
   12060    20100331       0.133250      0.063605      0.069271      0.058796
   12060    20100430       0.036264      0.020043      0.057837      0.014759
   12060    20100528      -0.133086     -0.079137     -0.076968     -0.081976
   12060    20100630      -0.111927     -0.050717     -0.056666     -0.053882
   12060    20100730       0.117892      0.070293      0.059958      0.068778
   12060    20100831      -0.101737     -0.042813     -0.047592     -0.047449
   12060    20100930       0.130525      0.091517      0.096368      0.087551
   12060    20101029      -0.014154      0.038531      0.040681      0.036856
   12060    20101130      -0.011860      0.005107      0.010661     -0.002290
   12060    20101231       0.164245      0.067150      0.068774      0.065300
   12060    20110131       0.101148      0.019157      0.014412      0.022646
   12060    20110228       0.045680      0.038164      0.037036      0.031957
   12060    20110331      -0.041587      0.003366      0.008605     -0.001047
   12060    20110429       0.019950      0.028688      0.019203      0.028495
   12060    20110531      -0.039609     -0.014935     -0.018550     -0.013501
   12060    20110630      -0.032077     -0.018395     -0.024106     -0.018258
   12060    20110729      -0.050371     -0.022469     -0.021813     -0.021474
   12060    20110831      -0.089336     -0.057472     -0.075715     -0.056791
   12060    20110930      -0.057633     -0.084873     -0.100921     -0.071762
   12060    20111031       0.097897      0.113982      0.107697      0.107723
   12060    20111130      -0.047875     -0.006226     -0.020645     -0.005059
   12060    20111230       0.136392      0.003702     -0.003561      0.008533
   12060    20120131       0.044668      0.054077      0.085342      0.043583
   12060    20120229       0.027258      0.041186      0.036494      0.040589
   12060    20120330       0.053543      0.023992      0.017582      0.031332
   12060    20120430      -0.024415     -0.006801     -0.009106     -0.007497
   12060    20120531      -0.025026     -0.065531     -0.068438     -0.062651
   12060    20120629       0.100576      0.038156      0.034177      0.039555
   12060    20120731      -0.004319      0.010266     -0.003281      0.012598
   12060    20120831      -0.001928      0.026265      0.024820      0.019763
   12060    20120928       0.104780      0.026539      0.034924      0.024236
   12060    20121031      -0.072655     -0.014101     -0.013487     -0.019789
   12060    20121130       0.003324      0.006193      0.002790      0.002847
   12060    20121231       0.002366      0.012531      0.021872      0.007068
   12060    20130131       0.061458      0.054093      0.063509      0.050428
   12060    20130228       0.050718      0.008331      0.003500      0.011061
   12060    20130328      -0.004307      0.035274      0.031412      0.035988
   12060    20130430      -0.035900      0.014945      0.002477      0.018086
   12060    20130531       0.046209      0.019066      0.023973      0.020763
   12060    20130628       0.002573     -0.015039     -0.013013     -0.014999
   12060    20130731       0.050884      0.052681      0.054898      0.049462
   12060    20130830      -0.050472     -0.025714     -0.017278     -0.031298
   12060    20130930       0.040622      0.037477      0.051809      0.029749
   12060    20131031       0.094182      0.039852      0.025762      0.044596
   12060    20131129       0.019893      0.024946      0.023398      0.028049
   12060    20131231       0.059640      0.026126      0.025220      0.023563
