  PERMNO        date             ba        vwretd        ewretd        sprtrn
   19561    19610131       0.044218      0.063952      0.082048      0.063156
   19561    19610228       0.095114      0.037005      0.060130      0.026870
   19561    19610330       0.096096      0.030609      0.049888      0.025536
   19561    19610428      -0.016438      0.005640      0.009487      0.003843
   19561    19610531       0.061838      0.025889      0.041572      0.019139
   19561    19610630       0.031746     -0.028499     -0.042415     -0.028846
   19561    19610731       0.082051      0.029952      0.011517      0.032797
   19561    19610831       0.024171      0.026853      0.021358      0.019623
   19561    19610929      -0.011655     -0.019985     -0.029686     -0.019686
   19561    19611031      -0.091981      0.027331      0.020988      0.028323
   19561    19611130      -0.015584      0.045452      0.046461      0.039347
   19561    19611229       0.069333      0.000712     -0.003757      0.003225
   19561    19620131       0.119701     -0.036145     -0.007807     -0.037876
   19561    19620228      -0.035635      0.019518      0.015405      0.016270
   19561    19620330      -0.065268     -0.004686     -0.006241     -0.005860
   19561    19620430      -0.102244     -0.063432     -0.068134     -0.061970
   19561    19620531      -0.027778     -0.084620     -0.098186     -0.085990
   19561    19620629      -0.057803     -0.082615     -0.085125     -0.081838
   19561    19620731       0.021472      0.065438      0.064000      0.063562
   19561    19620831      -0.015015      0.023414      0.037061      0.015284
   19561    19620928      -0.061728     -0.050154     -0.063830     -0.048207
   19561    19621031       0.006579      0.002184     -0.039528      0.004443
   19561    19621130       0.029412      0.110137      0.121176      0.101557
   19561    19621231      -0.045016      0.011865     -0.025561      0.013492
   19561    19630131       0.053872      0.051848      0.089140      0.049128
   19561    19630228      -0.009585     -0.021931     -0.014477     -0.028852
   19561    19630329      -0.052288      0.032917      0.012027      0.035464
   19561    19630430       0.020690      0.047439      0.026890      0.048520
   19561    19630531       0.006757      0.020051      0.032306      0.014327
   19561    19630628      -0.037415     -0.018030     -0.010383     -0.020198
   19561    19630731      -0.070671     -0.001718     -0.006304     -0.003460
   19561    19630830       0.079848      0.052684      0.042305      0.048749
   19561    19630930      -0.042857     -0.011898     -0.010373     -0.011034
   19561    19631031       0.014925      0.027708      0.012208      0.032218
   19561    19631129       0.139706     -0.005549     -0.016139     -0.010539
   19561    19631231      -0.062092      0.021736     -0.004228      0.024444
   19561    19640131       0.108014      0.025790      0.032092      0.026926
   19561    19640228       0.072327      0.017207      0.025173      0.009865
   19561    19640331       0.041543      0.017636      0.025510      0.015167
   19561    19640430      -0.022792      0.004608      0.001004      0.006077
   19561    19640528       0.157434      0.017403      0.007507      0.011452
   19561    19640630       0.081425      0.015080      0.010411      0.016424
   19561    19640731       0.051765      0.020118      0.030161      0.018240
   19561    19640831       0.087248     -0.011266     -0.006038     -0.016230
   19561    19640930       0.114108      0.030480      0.038248      0.028718
   19561    19641030      -0.089385      0.008869      0.018821      0.008078
   19561    19641130       0.083845      0.003089     -0.000516     -0.005185
   19561    19641231       0.047529      0.003690     -0.012365      0.003909
   19561    19650129      -0.039927      0.038646      0.071403      0.033156
   19561    19650226       0.034026      0.006946      0.032315     -0.001485
   19561    19650331      -0.075506     -0.009715      0.015393     -0.014526
   19561    19650430       0.185259      0.033652      0.041560      0.034239
   19561    19650528      -0.011765     -0.004350     -0.005845     -0.007743
   19561    19650630      -0.083904     -0.051868     -0.083718     -0.048632
   19561    19650730       0.153271      0.016759      0.028633      0.013433
   19561    19650831       0.079417      0.030883      0.041844      0.022522
   19561    19650930       0.208459      0.031952      0.027420      0.032006
   19561    19651029       0.236250      0.029271      0.058679      0.027345
   19561    19651130       0.139535      0.003065      0.046544     -0.008764
   19561    19651231      -0.065237      0.013545      0.042981      0.008951
   19561    19660131       0.275335      0.012122      0.064170      0.004869
   19561    19660228       0.005997     -0.008621      0.028865     -0.017873
   19561    19660331      -0.081465     -0.020923     -0.008889     -0.021815
   19561    19660429       0.008950      0.024837      0.046619      0.020509
   19561    19660531      -0.121359     -0.052539     -0.086024     -0.054140
   19561    19660630       0.087848     -0.010317     -0.004988     -0.016138
   19561    19660729      -0.160000     -0.012870     -0.016316     -0.013453
   19561    19660831      -0.095870     -0.075388     -0.100714     -0.077751
   19561    19660930      -0.055556     -0.006958     -0.018161     -0.007004
   19561    19661031      -0.049020      0.042294     -0.014385      0.047544
   19561    19661130       0.325773      0.017516      0.040725      0.003117
   19561    19661230       0.025391      0.006210      0.017306     -0.001492
   19561    19670131       0.068571      0.085530      0.172104      0.078178
   19561    19670228       0.052406      0.010945      0.042368      0.001963
   19561    19670331       0.122449      0.043384      0.058244      0.039410
   19561    19670428       0.159091      0.041609      0.041928      0.042239
   19561    19670531      -0.034771     -0.039293     -0.008098     -0.052441
   19561    19670630       0.135870      0.026903      0.081958      0.017512
   19561    19670731      -0.002392      0.049189      0.083251      0.045344
   19561    19670831      -0.076259     -0.006282      0.006312     -0.011715
   19561    19670929      -0.096354      0.034286      0.062963      0.032785
   19561    19671031      -0.018732     -0.027433     -0.020594     -0.029056
   19561    19671130       0.081351      0.007902      0.000878      0.001065
   19561    19671229      -0.013624      0.033699      0.080465      0.026277
   19561    19680131      -0.158840     -0.036330      0.023902     -0.043848
   19561    19680229      -0.004269     -0.033624     -0.056118     -0.031223
   19561    19680329      -0.092715      0.005116     -0.011218      0.009400
   19561    19680430       0.133212      0.094148      0.143031      0.081929
   19561    19680531      -0.100805      0.027041      0.091309      0.011169
   19561    19680628      -0.086331      0.011527      0.016225      0.009120
   19561    19680730      -0.045276     -0.022024     -0.026210     -0.018478
   19561    19680830      -0.050722      0.018038      0.035918      0.011459
   19561    19680930       0.004367      0.044454      0.068808      0.038539
   19561    19681031      -0.046957      0.009041      0.006913      0.007208
   19561    19681129       0.089450      0.058502      0.071994      0.047964
   19561    19681231      -0.042105     -0.033873      0.005896     -0.041617
   19561    19690131       0.037363     -0.006711     -0.001688     -0.008184
   19561    19690228      -0.102966     -0.053640     -0.085728     -0.047374
   19561    19690328      -0.033254      0.030506      0.020290      0.034444
   19561    19690430      -0.071253      0.020526      0.003459      0.021476
   19561    19690529      -0.062434      0.005040      0.006262     -0.002218
   19561    19690630      -0.031250     -0.067387     -0.113404     -0.055577
   19561    19690731      -0.196481     -0.065172     -0.095823     -0.060178
   19561    19690829       0.100000      0.051490      0.052175      0.040074
   19561    19690930      -0.150502     -0.022590     -0.024618     -0.025024
   19561    19691031       0.009449      0.055638      0.092413      0.044244
   19561    19691128      -0.019685     -0.032164     -0.055078     -0.035274
   19561    19691231      -0.096386     -0.019681     -0.066178     -0.018655
   19561    19700130      -0.178667     -0.073254     -0.038830     -0.076472
   19561    19700227       0.086957      0.056706      0.040195      0.052693
   19561    19700331      -0.090000     -0.004729     -0.023712      0.001453
   19561    19700430      -0.131868     -0.105318     -0.161963     -0.090483
   19561    19700529      -0.070886     -0.064346     -0.090524     -0.060967
   19561    19700630      -0.315068     -0.051075     -0.073904     -0.050033
   19561    19700731       0.088000      0.074169      0.059258      0.073295
   19561    19700831       0.194444      0.050036      0.061617      0.044459
   19561    19700930       0.054264      0.047536      0.126098      0.032998
   19561    19701030      -0.141176     -0.018208     -0.058604     -0.011400
   19561    19701130       0.008621      0.050448      0.003021      0.047447
   19561    19701231      -0.025641      0.060723      0.081324      0.056766
   19561    19710129       0.375439      0.052030      0.136096      0.040477
   19561    19710226       0.089744      0.016913      0.047910      0.009074
   19561    19710331      -0.023529      0.044778      0.056603      0.036796
   19561    19710430       0.131325      0.033332      0.027087      0.036288
   19561    19710528      -0.016043     -0.036409     -0.049435     -0.041558
   19561    19710630      -0.119565      0.003119     -0.017240      0.000703
   19561    19710730      -0.198765     -0.040283     -0.053634     -0.041324
   19561    19710831      -0.023256      0.042511      0.041159      0.036095
   19561    19710930      -0.047619     -0.005016     -0.004653     -0.006968
   19561    19711029       0.031667     -0.040682     -0.057468     -0.041794
   19561    19711130      -0.016260     -0.001262     -0.034150     -0.002547
   19561    19711231       0.231405      0.091257      0.117128      0.086179
   19561    19720131       0.362416      0.028383      0.103892      0.018121
   19561    19720229      -0.040394      0.031349      0.041809      0.025303
   19561    19720330      -0.015464      0.008722     -0.000951      0.005912
   19561    19720428      -0.058639      0.005505      0.001231      0.004384
   19561    19720531       0.011173      0.016375     -0.018121      0.017275
   19561    19720630      -0.077348     -0.020896     -0.033775     -0.021821
   19561    19720731       0.011976     -0.004254     -0.029488      0.002333
   19561    19720831       0.081657      0.035966      0.012252      0.034454
   19561    19720929       0.010989     -0.007671     -0.030725     -0.004861
   19561    19721031      -0.048913      0.008676     -0.013767      0.009317
   19561    19721130       0.153143      0.049764      0.051096      0.045617
   19561    19721229      -0.004975      0.011243     -0.019873      0.011828
   19561    19730131      -0.065000     -0.027455     -0.026133     -0.017111
   19561    19730228      -0.070588     -0.044368     -0.072836     -0.037490
   19561    19730330      -0.046243     -0.007851     -0.028981     -0.001433
   19561    19730430      -0.127273     -0.051759     -0.070620     -0.040800
   19561    19730531       0.054167     -0.024503     -0.083582     -0.018884
   19561    19730629      -0.092715     -0.008647     -0.037745     -0.006575
   19561    19730731       0.131387      0.056954      0.105922      0.037982
   19561    19730831      -0.143226     -0.029648     -0.044417     -0.036685
   19561    19730928       0.166667      0.053937      0.072995      0.040096
   19561    19731031      -0.006494     -0.000427      0.000303     -0.001291
   19561    19731130      -0.243137     -0.120703     -0.175252     -0.113861
   19561    19731231      -0.139130      0.011425     -0.041764      0.016569
   19561    19740131       0.151515      0.004408      0.132374     -0.010046
   19561    19740228       0.080702      0.002352      0.008623     -0.003624
   19561    19740329      -0.073770     -0.023365      0.008379     -0.023280
   19561    19740430       0.035398     -0.045957     -0.055537     -0.039051
   19561    19740531       0.155556     -0.041982     -0.072545     -0.033551
   19561    19740628       0.052239     -0.022942     -0.033483     -0.014665
   19561    19740731      -0.026950     -0.070879     -0.051915     -0.077791
   19561    19740830       0.022059     -0.087756     -0.085788     -0.090279
   19561    19740930      -0.071942     -0.109718     -0.079025     -0.119335
   19561    19741031       0.116279      0.165585      0.088877      0.163047
   19561    19741129       0.079167     -0.041047     -0.051395     -0.053180
   19561    19741231      -0.176471     -0.027005     -0.080744     -0.020151
   19561    19750131       0.079365      0.141600      0.299260      0.122812
   19561    19750228       0.100000      0.058411      0.053918      0.059886
   19561    19750331       0.114865      0.030191      0.081497      0.021694
   19561    19750430       0.224242      0.046497      0.031093      0.047265
   19561    19750530       0.166337      0.055140      0.072876      0.044101
   19561    19750630       0.025641      0.051473      0.071792      0.044323
   19561    19750731      -0.091667     -0.060385     -0.008960     -0.067654
   19561    19750829       0.039450     -0.023557     -0.048118     -0.021070
   19561    19750930      -0.057778     -0.038010     -0.038867     -0.034645
   19561    19751031       0.037736      0.055857      0.014720      0.061643
   19561    19751128      -0.103636      0.031223      0.016796      0.024708
   19561    19751231       0.005155     -0.010998     -0.000599     -0.011508
   19561    19760130       0.133333      0.126011      0.190037      0.118306
   19561    19760227      -0.049774      0.007314      0.106291     -0.011402
   19561    19760331       0.033654      0.026799      0.018109      0.030689
   19561    19760430       0.125581     -0.010389     -0.003810     -0.010995
   19561    19760528       0.210744     -0.009369     -0.019680     -0.014364
   19561    19760630       0.120275      0.044487      0.026510      0.040926
   19561    19760730      -0.024540     -0.006157      0.002236     -0.008055
   19561    19760831       0.022013     -0.001435     -0.016673     -0.005124
   19561    19760930       0.136223      0.024484      0.016990      0.022641
   19561    19761029      -0.106267     -0.020373     -0.022586     -0.022235
   19561    19761130       0.088415      0.005364      0.026686     -0.007775
   19561    19761231       0.014164      0.061591      0.102410      0.052498
   19561    19770131      -0.145251     -0.036337      0.036903     -0.050530
   19561    19770228       0.107190     -0.015760      0.004400     -0.021660
   19561    19770331       0.044643     -0.009246      0.010654     -0.014025
   19561    19770429       0.099715      0.004952      0.016931      0.000203
   19561    19770531       0.056477     -0.010785      0.002870     -0.023568
   19561    19770630       0.143210      0.051367      0.051503      0.045360
   19561    19770729      -0.023758     -0.012810      0.012362     -0.016222
   19561    19770831      -0.024336     -0.013352     -0.001233     -0.021042
   19561    19770930      -0.093822      0.001574      0.014968     -0.002480
   19561    19771031       0.060606     -0.039280     -0.023190     -0.043406
   19561    19771130       0.085714      0.045432      0.070872      0.026966
   19561    19771230      -0.004425      0.008218      0.021081      0.002847
   19561    19780131      -0.062222     -0.055202     -0.011152     -0.061514
   19561    19780228       0.215166     -0.009275      0.026008     -0.024762
   19561    19780331       0.079365      0.034013      0.067839      0.024931
   19561    19780428       0.180147      0.082841      0.079317      0.085416
   19561    19780531       0.228660      0.023238      0.067620      0.004234
   19561    19780630       0.079082     -0.010751      0.010292     -0.017585
   19561    19780731       0.219858      0.056749      0.052394      0.053910
   19561    19780831       0.099612      0.042352      0.093545      0.025924
   19561    19780929      -0.095575     -0.006891      0.006200     -0.007261
   19561    19781031      -0.084149     -0.110997     -0.177280     -0.091574
   19561    19781130       0.184615      0.033792      0.038205      0.016640
   19561    19781229       0.041971      0.017710      0.014346      0.014889
   19561    19790131       0.056042      0.049489      0.093661      0.039746
   19561    19790228      -0.164179     -0.026766     -0.016269     -0.036526
   19561    19790330       0.021956      0.065618      0.084167      0.055152
   19561    19790430      -0.015625      0.008522      0.028814      0.001673
   19561    19790531      -0.077381     -0.013576     -0.006845     -0.026336
   19561    19790629       0.051948      0.046850      0.054663      0.038656
   19561    19790731       0.064815      0.014991      0.021366      0.008746
   19561    19790831       0.118841      0.064728      0.075616      0.053078
   19561    19790928       0.020833      0.001428     -0.001172      0.000000
   19561    19791031      -0.127551     -0.072660     -0.097915     -0.068606
   19561    19791130       0.090058      0.063603      0.065295      0.042624
   19561    19791231       0.118785      0.028212      0.067485      0.016767
   19561    19800131       0.293827      0.065607      0.105129      0.057625
   19561    19800229      -0.073282      0.001015     -0.006301     -0.004380
   19561    19800331      -0.116183     -0.120224     -0.165043     -0.101795
   19561    19800430       0.028169      0.052288      0.053461      0.041140
   19561    19800530      -0.050000      0.060090      0.071249      0.046571
   19561    19800630       0.018182      0.037714      0.046176      0.026969
   19561    19800731       0.092857      0.069438      0.089279      0.065039
   19561    19800829       0.001307      0.023553      0.063984      0.005835
   19561    19800930       0.013158      0.029498      0.052459      0.025168
   19561    19801031      -0.064935      0.020093      0.047525      0.016021
   19561    19801128       0.076389      0.104951      0.069205      0.102377
   19561    19801231       0.153595     -0.034409     -0.032416     -0.033874
   19561    19810130      -0.099150     -0.040085      0.005615     -0.045742
   19561    19810227      -0.110692      0.015521      0.002150      0.013277
   19561    19810331       0.003571      0.046184      0.072674      0.036033
   19561    19810430      -0.032028     -0.011268      0.027885     -0.023456
   19561    19810529      -0.033824      0.013551      0.027187     -0.001657
   19561    19810630      -0.057692     -0.010242     -0.013194     -0.010408
   19561    19810731      -0.097959     -0.003080     -0.019980     -0.002210
   19561    19810831      -0.154751     -0.056279     -0.071906     -0.062099
   19561    19810930       0.048913     -0.063772     -0.090061     -0.053832
   19561    19811030       0.077720      0.060162      0.069728      0.049148
   19561    19811130      -0.106731      0.045849      0.021667      0.036590
   19561    19811231      -0.016393     -0.028096     -0.019694     -0.030075
   19561    19820129      -0.044444     -0.026209     -0.017347     -0.017544
   19561    19820226      -0.111628     -0.051126     -0.047987     -0.060548
   19561    19820331      -0.066667     -0.010099     -0.012064     -0.010167
   19561    19820430       0.092857      0.043267      0.052242      0.040014
   19561    19820528      -0.092810     -0.028212     -0.022490     -0.039162
   19561    19820630      -0.088235     -0.023912     -0.036699     -0.020290
   19561    19820730       0.032258     -0.020526     -0.014776     -0.022991
   19561    19820831       0.506250      0.119013      0.063285      0.115977
   19561    19820930      -0.126316      0.016761      0.033164      0.007614
   19561    19821029       0.319277      0.118636      0.128447      0.110364
   19561    19821130       0.195434      0.051935      0.092037      0.036123
   19561    19821231       0.046332      0.014516      0.023447      0.015158
   19561    19830131       0.077491      0.041850      0.117062      0.033134
   19561    19830228       0.013014      0.030218      0.047266      0.018995
   19561    19830331       0.092150      0.034673      0.050515      0.033095
   19561    19830429      -0.043750      0.074188      0.080687      0.074922
   19561    19830531       0.054902      0.013224      0.091740     -0.012346
   19561    19830630       0.143750      0.037837      0.046341      0.035224
   19561    19830729      -0.090164     -0.031567     -0.017556     -0.033014
   19561    19830831      -0.081682      0.003464     -0.032920      0.011319
   19561    19830930       0.042904      0.016059      0.000051      0.010158
   19561    19831031      -0.034810     -0.028049     -0.059273     -0.015174
   19561    19831130       0.205902      0.029556      0.031713      0.017426
   19561    19831230      -0.041096     -0.010464     -0.019672     -0.008834
   19561    19840131       0.017143     -0.013023      0.005424     -0.009216
   19561    19840229      -0.023034     -0.039073     -0.050767     -0.038859
   19561    19840330      -0.115942      0.013389      0.007449      0.013498
   19561    19840430      -0.016393      0.002534     -0.020524      0.005466
   19561    19840531       0.049333     -0.052342     -0.051570     -0.059356
   19561    19840629       0.121795      0.023385      0.011996      0.017469
   19561    19840731       0.071429     -0.020621     -0.050303     -0.016451
   19561    19840831       0.148800      0.112689      0.088817      0.106332
   19561    19840928       0.007009      0.000404     -0.000377     -0.003480
   19561    19841031       0.071926     -0.000074     -0.023756     -0.000060
   19561    19841130      -0.058874     -0.010685     -0.031506     -0.015112
   19561    19841231       0.048611      0.023656      0.002732      0.022374
   19561    19850131       0.101545      0.085718      0.121475      0.074085
   19561    19850228       0.055711      0.016896      0.046034      0.008685
   19561    19850329      -0.045802     -0.001747     -0.003581     -0.002925
   19561    19850430      -0.034000     -0.002186     -0.009652     -0.004594
   19561    19850531       0.108157      0.055775      0.022221      0.054051
   19561    19850628       0.009398      0.017091      0.002103      0.012134
   19561    19850731       0.078212     -0.000251      0.021382     -0.004848
   19561    19850830       0.003005     -0.004795     -0.002214     -0.011995
   19561    19850930      -0.057143     -0.039825     -0.056859     -0.034724
   19561    19851031       0.011019      0.044441      0.017652      0.042509
   19561    19851129       0.076730      0.069228      0.052563      0.065062
   19561    19851231       0.063613      0.043061      0.028021      0.045061
   19561    19860131      -0.076555      0.009829      0.044071      0.002367
   19561    19860228       0.112435      0.072500      0.060381      0.071489
   19561    19860331       0.067916      0.053885      0.047192      0.052794
   19561    19860430      -0.013158     -0.007900      0.016144     -0.014148
   19561    19860530       0.040889      0.050844      0.036194      0.050229
   19561    19860630       0.081545      0.014246      0.008087      0.014110
   19561    19860731      -0.061508     -0.059700     -0.073128     -0.058683
   19561    19860829       0.021987      0.066181      0.023269      0.071193
   19561    19860930      -0.112266     -0.079021     -0.059071     -0.085439
   19561    19861031      -0.009368      0.049303      0.023777      0.054729
   19561    19861128      -0.029787      0.015093     -0.006263      0.021477
   19561    19861231       0.002451     -0.026388     -0.034609     -0.028288
   19561    19870130      -0.017115      0.128496      0.117565      0.131767
   19561    19870227       0.086567      0.047918      0.074612      0.036924
   19561    19870331      -0.043779      0.023664      0.036283      0.026390
   19561    19870430      -0.142169     -0.017001     -0.017709     -0.011450
   19561    19870529       0.024719      0.005125      0.000573      0.006034
   19561    19870630       0.035912      0.043662      0.021487      0.047915
   19561    19870731       0.130667      0.044248      0.035123      0.048224
   19561    19870831       0.001887      0.037146      0.014544      0.034959
   19561    19870930      -0.035545     -0.020774     -0.015876     -0.024166
   19561    19871030      -0.240786     -0.225363     -0.272248     -0.217630
   19561    19871130      -0.100971     -0.072273     -0.050850     -0.085349
   19561    19871231       0.076364      0.070327      0.026065      0.072861
   19561    19880129       0.236486      0.044880      0.077392      0.040432
   19561    19880229       0.045902      0.051695      0.060265      0.041817
   19561    19880331      -0.021053     -0.016598      0.035690     -0.033343
   19561    19880429       0.032258      0.010991      0.014016      0.009425
   19561    19880531       0.154167      0.000448     -0.017671      0.003176
   19561    19880630       0.068182      0.051460      0.047677      0.043256
   19561    19880729       0.029787     -0.007272      0.000289     -0.005411
   19561    19880831      -0.018182     -0.028006     -0.025001     -0.038600
   19561    19880930       0.086864      0.037202      0.016951      0.039729
   19561    19881031       0.011696      0.017637     -0.011485      0.025964
   19561    19881130      -0.038150     -0.016412     -0.036484     -0.018891
   19561    19881230      -0.022177      0.021075      0.018872      0.014688
   19561    19890131       0.045361      0.066103      0.062124      0.071115
   19561    19890228      -0.017357     -0.016446      0.002988     -0.028944
   19561    19890331       0.103030      0.021465      0.018060      0.020806
   19561    19890428       0.111722      0.048204      0.029089      0.050090
   19561    19890531       0.065239      0.039338      0.025054      0.035138
   19561    19890630      -0.104199     -0.004866     -0.007744     -0.007925
   19561    19890731       0.091146      0.077131      0.031017      0.088370
   19561    19890831       0.051074      0.022127      0.018626      0.015517
   19561    19890929       0.041096     -0.001474      0.005532     -0.006544
   19561    19891031      -0.013158     -0.029281     -0.049934     -0.025175
   19561    19891130       0.072000      0.017815     -0.005800      0.016541
   19561    19891229      -0.010417      0.018295     -0.012375      0.021417
   19561    19900131      -0.002105     -0.070115     -0.046408     -0.068817
   19561    19900228       0.083122      0.014901      0.015434      0.008539
   19561    19900330       0.123288      0.024140      0.021315      0.024255
   19561    19900430      -0.027875     -0.028286     -0.028117     -0.026887
   19561    19900531       0.189964      0.088936      0.045675      0.091989
   19561    19900629       0.062027     -0.004196      0.005359     -0.008886
   19561    19900731      -0.012821     -0.009405     -0.025732     -0.005223
   19561    19900831      -0.160173     -0.091896     -0.108911     -0.094314
   19561    19900928      -0.137306     -0.053843     -0.080468     -0.051184
   19561    19901031       0.075075     -0.012504     -0.057155     -0.006698
   19561    19901130      -0.005587      0.065744      0.035468      0.059934
   19561    19901231       0.025424      0.029513     -0.004526      0.024828
   19561    19910131       0.088154      0.049078      0.084175      0.041518
   19561    19910228      -0.017722      0.075847      0.133898      0.067281
   19561    19910328      -0.025907      0.028923      0.078293      0.022203
   19561    19910430      -0.026596      0.003322      0.031962      0.000346
   19561    19910531       0.073770      0.040732      0.031385      0.038577
   19561    19910628      -0.063939     -0.044029     -0.031773     -0.047893
   19561    19910731       0.013661      0.046795      0.034202      0.044859
   19561    19910830       0.078167      0.026819      0.027507      0.019649
   19561    19910930       0.020101     -0.010975      0.008130     -0.019144
   19561    19911031      -0.029557      0.017789      0.024639      0.011860
   19561    19911129      -0.096447     -0.037275     -0.023735     -0.043928
   19561    19911231       0.079096      0.106778      0.035353      0.111588
   19561    19920131       0.065445     -0.001182      0.149970     -0.019900
   19561    19920228      -0.090909      0.013354      0.052124      0.009565
   19561    19920331      -0.046196     -0.023700     -0.014169     -0.021832
   19561    19920430       0.002849      0.013419     -0.033262      0.027893
   19561    19920529       0.002841      0.006439      0.005678      0.000964
   19561    19920630      -0.091168     -0.019287     -0.039215     -0.017359
   19561    19920731       0.003135      0.039900      0.027617      0.039374
   19561    19920831      -0.062500     -0.020820     -0.023900     -0.023998
   19561    19920930      -0.013423      0.012447      0.011050      0.009106
   19561    19921030      -0.020408      0.010986      0.016224      0.002106
   19561    19921130      -0.017361      0.040193      0.066686      0.030262
   19561    19921231       0.142349      0.017768      0.035677      0.010108
   19561    19930129      -0.121495      0.012643      0.067612      0.007046
   19561    19930226      -0.017730      0.005402     -0.007198      0.010484
   19561    19930331       0.018182      0.025116      0.031465      0.018697
   19561    19930430       0.085714     -0.025400     -0.011112     -0.025417
   19561    19930528       0.049342      0.029598      0.038740      0.022717
   19561    19930630      -0.066246      0.005440      0.013419      0.000755
   19561    19930730       0.064189     -0.000795      0.013719     -0.005327
   19561    19930831       0.012698      0.039479      0.039698      0.034432
   19561    19930930      -0.031546      0.000641      0.025507     -0.009988
   19561    19931029      -0.022801      0.018064      0.040518      0.019393
   19561    19931130       0.036667     -0.017606     -0.024467     -0.012911
   19561    19931231       0.119741      0.019513      0.016190      0.010091
   19561    19940131       0.000000      0.031466      0.049166      0.032501
   19561    19940228       0.086705     -0.024224     -0.009952     -0.030045
   19561    19940331      -0.048128     -0.045795     -0.045962     -0.045746
   19561    19940429       0.011236      0.009478     -0.011728      0.011531
   19561    19940531       0.036111      0.009360     -0.000831      0.012419
   19561    19940630      -0.002695     -0.027909     -0.028182     -0.026812
   19561    19940729      -0.035135      0.030633      0.015778      0.031467
   19561    19940831       0.025210      0.042597      0.036756      0.037643
   19561    19940930      -0.049451     -0.018363      0.004865     -0.026898
   19561    19941031       0.014451      0.014520     -0.003305      0.020834
   19561    19941130       0.028490     -0.037219     -0.040741     -0.039505
   19561    19941230       0.047354      0.012609     -0.013424      0.012299
   19561    19950131      -0.053191      0.020399      0.027860      0.024278
   19561    19950228       0.042135      0.039615      0.028369      0.036074
   19561    19950331       0.165312      0.027041      0.019518      0.027329
   19561    19950428       0.023256      0.025048      0.026976      0.027960
   19561    19950531       0.075000      0.034007      0.020270      0.036312
   19561    19950630       0.063694      0.031173      0.049917      0.021279
   19561    19950731       0.069860      0.040783      0.054708      0.031776
   19561    19950831      -0.041045      0.009305      0.032043     -0.000320
   19561    19950929       0.066406      0.036362      0.026400      0.040098
   19561    19951031      -0.040293     -0.011317     -0.041473     -0.004979
   19561    19951130       0.116412      0.042708      0.016659      0.041049
   19561    19951229       0.075472      0.015191      0.008928      0.017444
   19561    19960131      -0.011164      0.028144      0.034657      0.032617
   19561    19960229       0.050000      0.016310      0.032305      0.006934
   19561    19960329       0.067797      0.010927      0.024086      0.007917
   19561    19960430      -0.051948      0.025511      0.058049      0.013431
   19561    19960531       0.041461      0.026800      0.062615      0.022853
   19561    19960628       0.021994     -0.008298     -0.032167      0.002257
   19561    19960731       0.015782     -0.053819     -0.079602     -0.045748
   19561    19960830       0.025763      0.032463      0.045634      0.018814
   19561    19960930       0.044199      0.053019      0.028753      0.054173
   19561    19961031       0.009259      0.013739     -0.020842      0.026131
   19561    19961129       0.044875      0.065569      0.024696      0.073376
   19561    19961231       0.071698     -0.011388     -0.002604     -0.021505
   19561    19970131       0.005869      0.053473      0.063831      0.061317
   19561    19970228      -0.047561     -0.001122     -0.010299      0.005928
   19561    19970331      -0.030713     -0.044868     -0.049224     -0.042614
   19561    19970430       0.000000      0.042373     -0.021596      0.058406
   19561    19970530       0.071280      0.071624      0.085194      0.058577
   19561    19970630       0.007117      0.044095      0.043145      0.043453
   19561    19970731       0.106007      0.076514      0.048824      0.078123
   19561    19970829      -0.068967     -0.036290      0.027605     -0.057446
   19561    19970930      -0.001147      0.058499      0.081737      0.053154
   19561    19971031      -0.118255     -0.034436     -0.026145     -0.034478
   19561    19971128       0.109687      0.030404     -0.022063      0.044587
   19561    19971231      -0.078824      0.017817     -0.023875      0.015732
   19561    19980130      -0.026820      0.004502      0.015367      0.010150
   19561    19980227       0.142047      0.073303      0.060451      0.070449
   19561    19980331      -0.039171      0.051301      0.046884      0.049946
   19561    19980430      -0.039568      0.010903      0.023243      0.009076
   19561    19980529      -0.043396     -0.025748     -0.042571     -0.018826
   19561    19980630      -0.066754      0.031939     -0.029150      0.039438
   19561    19980731      -0.129032     -0.023368     -0.050546     -0.011615
   19561    19980831      -0.199291     -0.157840     -0.196383     -0.145797
   19561    19980930       0.109091      0.063828      0.043248      0.062396
   19561    19981030       0.094718      0.074393      0.037827      0.080294
   19561    19981130       0.085258      0.062024      0.075912      0.059126
   19561    19981231      -0.196923      0.063051      0.018861      0.056375
   19561    19990129       0.063218      0.038456      0.064848      0.041009
   19561    19990226       0.031063     -0.038085     -0.042172     -0.032283
   19561    19990331      -0.045614      0.037932     -0.001373      0.038794
   19561    19990430       0.194853      0.049105      0.083900      0.037944
   19561    19990528       0.038831     -0.020709      0.025134     -0.024970
   19561    19990630       0.046062      0.050820      0.038391      0.054438
   19561    19990730       0.031250     -0.030716      0.007271     -0.032046
   19561    19990831       0.001708     -0.009987     -0.030607     -0.006254
   19561    19990930      -0.059310     -0.022846     -0.014250     -0.028552
   19561    19991029       0.080645      0.062147     -0.001351      0.062539
   19561    19991130      -0.115007      0.036823      0.091409      0.019062
   19561    19991231       0.020000      0.083758      0.084830      0.057844
   19561    20000131       0.073906     -0.039612      0.050610     -0.050904
   19561    20000229      -0.166798      0.031820      0.120436     -0.020108
   19561    20000331       0.023689      0.053526     -0.000429      0.096720
   19561    20000428       0.049587     -0.059529     -0.088504     -0.030796
   19561    20000531      -0.012220     -0.038967     -0.057324     -0.021915
   19561    20000630       0.070400      0.051591      0.079228      0.023934
   19561    20000731       0.171898     -0.017072     -0.019354     -0.016341
   19561    20000831       0.097245      0.075910      0.059257      0.060699
   19561    20000929       0.174825     -0.051054     -0.040102     -0.053483
   19561    20001031       0.076389     -0.024597     -0.066807     -0.004949
   19561    20001130       0.020498     -0.102492     -0.118559     -0.080069
   19561    20001229      -0.044344      0.020402     -0.007035      0.004053
   19561    20010131      -0.113636      0.039499      0.225012      0.034637
   19561    20010228       0.066154     -0.099263     -0.074508     -0.092291
   19561    20010330      -0.104341     -0.070260     -0.072716     -0.064205
   19561    20010430       0.109316      0.083832      0.076441      0.076814
   19561    20010531       0.020388      0.010576      0.062201      0.005090
   19561    20010629      -0.115917     -0.017464      0.007720     -0.025004
   19561    20010731       0.052698     -0.018297     -0.028407     -0.010772
   19561    20010831      -0.122330     -0.058980     -0.035009     -0.064108
   19561    20010928      -0.345703     -0.091526     -0.127801     -0.081723
   19561    20011031      -0.026866      0.027835      0.078103      0.018099
   19561    20011130       0.081902      0.078774      0.080810      0.075176
   19561    20011231       0.104843      0.017859      0.057742      0.007574
   19561    20020131       0.055957     -0.015984      0.018178     -0.015574
   19561    20020228       0.126496     -0.021699     -0.033060     -0.020766
   19561    20020328       0.049826      0.044685      0.074666      0.036739
   19561    20020430      -0.075648     -0.049632     -0.003169     -0.061418
   19561    20020531      -0.039910     -0.010524     -0.015519     -0.009081
   19561    20020628       0.055100     -0.070251     -0.067318     -0.072465
   19561    20020731      -0.077333     -0.081135     -0.107499     -0.078995
   19561    20020830      -0.103083      0.007964      0.006337      0.004881
   19561    20020930      -0.079309     -0.099965     -0.084490     -0.110013
   19561    20021031      -0.128333      0.074925      0.042773      0.086436
   19561    20021129       0.150252      0.061271      0.117775      0.057070
   19561    20021231      -0.031131     -0.053316     -0.040159     -0.060333
   19561    20030131      -0.042437     -0.023392      0.006068     -0.027415
   19561    20030228      -0.122191     -0.015390     -0.021448     -0.017004
   19561    20030331      -0.090711      0.010325      0.009434      0.008358
   19561    20030430       0.088587      0.082762      0.098222      0.081044
   19561    20030530       0.130499      0.063471      0.133177      0.050899
   19561    20030630       0.119009      0.016335      0.049741      0.011322
   19561    20030731      -0.034965      0.023112      0.061927      0.016224
   19561    20030829       0.134058      0.024966      0.047429      0.017873
   19561    20030930      -0.081840     -0.009112      0.025239     -0.011944
   19561    20031031       0.121177      0.060318      0.080930      0.054962
   19561    20031128       0.001819      0.016593      0.038147      0.007129
   19561    20031231       0.097682      0.045528      0.038907      0.050765
   19561    20040130      -0.009255      0.023049      0.065763      0.017276
   19561    20040227       0.042874      0.015459      0.013720      0.012209
   19561    20040331      -0.053032     -0.010694      0.006293     -0.016359
   19561    20040430       0.039445     -0.024231     -0.043590     -0.016791
   19561    20040528       0.077536      0.014125      0.002592      0.012083
   19561    20040630       0.115502      0.021582      0.022729      0.017989
   19561    20040730      -0.006655     -0.037667     -0.051082     -0.034291
   19561    20040831       0.032906      0.002713     -0.004725      0.002287
   19561    20040930      -0.011490      0.020546      0.041594      0.009364
   19561    20041029      -0.033320      0.017805      0.020837      0.014014
   19561    20041130       0.077555      0.048209      0.079929      0.038595
   19561    20041231      -0.033601      0.035179      0.052920      0.032458
   19561    20050131      -0.022600     -0.026556     -0.029278     -0.025290
   19561    20050228       0.091304      0.022672      0.016636      0.018903
   19561    20050331       0.063489     -0.016935     -0.031835     -0.019118
   19561    20050429       0.018132     -0.025186     -0.046509     -0.020109
   19561    20050531       0.077789      0.037955      0.043808      0.029952
   19561    20050630       0.032864      0.011534      0.032153     -0.000143
   19561    20050729       0.000152      0.043327      0.058745      0.035968
   19561    20050831       0.019088     -0.005946     -0.007217     -0.011222
   19561    20050930       0.013876      0.010565      0.010530      0.006949
   19561    20051031      -0.048712     -0.020801     -0.033876     -0.017741
   19561    20051130       0.058787      0.040385      0.034319      0.035186
   19561    20051230       0.030063      0.003455      0.013484     -0.000952
   19561    20060131      -0.027477      0.040033      0.076354      0.025467
   19561    20060228       0.068511     -0.001640      0.004836      0.000453
   19561    20060331       0.072087      0.019055      0.036978      0.011065
   19561    20060428       0.070833      0.012962      0.009791      0.012187
   19561    20060531       0.001198     -0.031046     -0.044331     -0.030917
   19561    20060630      -0.016096     -0.000406     -0.008479      0.000087
   19561    20060731      -0.054816     -0.001902     -0.022698      0.005086
   19561    20060831      -0.028675      0.025062      0.025011      0.021274
   19561    20060929       0.052737      0.019424      0.009006      0.024566
   19561    20061031       0.012809      0.037125      0.046211      0.031508
   19561    20061130       0.112322      0.023705      0.031168      0.016467
   19561    20061229       0.003502      0.010833      0.014800      0.012616
   19561    20070131       0.008104      0.019428      0.022283      0.014059
   19561    20070228      -0.021773     -0.013957      0.002110     -0.021846
   19561    20070330       0.018909      0.012949      0.006545      0.009980
   19561    20070430       0.046002      0.039821      0.027044      0.043291
   19561    20070531       0.085376      0.038932      0.023123      0.032549
   19561    20070629      -0.044040     -0.014756     -0.007906     -0.017816
   19561    20070731       0.075603     -0.031756     -0.043537     -0.031982
   19561    20070831      -0.061684      0.011660     -0.011737      0.012864
   19561    20070928       0.085729      0.040860      0.025363      0.035794
   19561    20071031      -0.060958      0.025835      0.017406      0.014822
   19561    20071130      -0.057815     -0.049222     -0.076608     -0.044043
   19561    20071231      -0.054895     -0.004419     -0.010989     -0.008628
   19561    20080131      -0.048937     -0.062151     -0.045082     -0.061163
   19561    20080229       0.000120     -0.021653     -0.021401     -0.034761
   19561    20080331      -0.101703     -0.010420     -0.025310     -0.005960
   19561    20080430       0.141051      0.051106      0.031907      0.047547
   19561    20080530      -0.019915      0.023842      0.031775      0.010674
   19561    20080630      -0.205992     -0.078434     -0.086626     -0.085962
   19561    20080731      -0.070146     -0.013330     -0.001296     -0.009859
   19561    20080829       0.079365      0.010564      0.013023      0.012191
   19561    20080930      -0.125229     -0.098005     -0.120105     -0.090791
   19561    20081031      -0.085963     -0.184603     -0.205222     -0.169425
   19561    20081128      -0.179130     -0.084615     -0.130320     -0.074849
   19561    20081231       0.000938      0.022149      0.042157      0.007822
   19561    20090130      -0.008437     -0.077330     -0.024042     -0.085657
   19561    20090227      -0.246987     -0.100214     -0.107667     -0.109931
   19561    20090331       0.131679      0.086692      0.107441      0.085405
   19561    20090430       0.125632      0.109359      0.192761      0.093925
   19561    20090529       0.130337      0.067789      0.102330      0.053081
   19561    20090630      -0.052397     -0.003098      0.023917      0.000196
   19561    20090731       0.009647      0.081719      0.085217      0.074142
   19561    20090831       0.167327      0.031459      0.056864      0.033560
   19561    20090930       0.090195      0.045222      0.071237      0.035723
   19561    20091030      -0.117267     -0.027993     -0.050612     -0.019762
   19561    20091130       0.105230      0.057098      0.028444      0.057364
   19561    20091231       0.032818      0.028419      0.054978      0.017771
   19561    20100129       0.119527     -0.037096     -0.011388     -0.036974
   19561    20100226       0.049175      0.034775      0.033603      0.028514
   19561    20100331       0.149620      0.063605      0.069271      0.058796
   19561    20100430      -0.002479      0.020043      0.057837      0.014759
   19561    20100528      -0.108104     -0.079137     -0.076968     -0.081976
   19561    20100630      -0.022281     -0.050717     -0.056666     -0.053882
   19561    20100730       0.085896      0.070293      0.059958      0.068778
   19561    20100831      -0.096713     -0.042813     -0.047592     -0.047449
   19561    20100930       0.088500      0.091517      0.096368      0.087551
   19561    20101029       0.061617      0.038531      0.040681      0.036856
   19561    20101130      -0.091308      0.005107      0.010661     -0.002290
   19561    20101231       0.023365      0.067150      0.068774      0.065300
   19561    20110131       0.064664      0.019157      0.014412      0.022646
   19561    20110228       0.042458      0.038164      0.037036      0.031957
   19561    20110331       0.026663      0.003366      0.008605     -0.001047
   19561    20110429       0.079129      0.028688      0.019203      0.028495
   19561    20110531      -0.016671     -0.014935     -0.018550     -0.013501
   19561    20110630      -0.052544     -0.018395     -0.024106     -0.018258
   19561    20110729      -0.046801     -0.022469     -0.021813     -0.021474
   19561    20110831      -0.045267     -0.057472     -0.075715     -0.056791
   19561    20110930      -0.094975     -0.084873     -0.100921     -0.071762
   19561    20111031       0.087258      0.113982      0.107697      0.107723
   19561    20111130       0.050464     -0.006226     -0.020645     -0.005059
   19561    20111230       0.067841      0.003702     -0.003561      0.008533
   19561    20120131       0.011316      0.054077      0.085342      0.043583
   19561    20120229       0.016312      0.041186      0.036494      0.040589
   19561    20120330      -0.007738      0.023992      0.017582      0.031332
   19561    20120430       0.032674     -0.006801     -0.009106     -0.007497
   19561    20120531      -0.087891     -0.065531     -0.068438     -0.062651
   19561    20120629       0.067375      0.038156      0.034177      0.039555
   19561    20120731      -0.005249      0.010266     -0.003281      0.012598
   19561    20120831      -0.028007      0.026265      0.024820      0.019763
   19561    20120928      -0.025280      0.026539      0.034924      0.024236
   19561    20121031       0.012142     -0.014101     -0.013487     -0.019789
   19561    20121130       0.060761      0.006193      0.002790      0.002847
   19561    20121231       0.014540      0.012531      0.021872      0.007068
   19561    20130131      -0.019772      0.054093      0.063509      0.050428
   19561    20130228       0.047584      0.008331      0.003500      0.011061
   19561    20130328       0.116385      0.035274      0.031412      0.035988
   19561    20130430       0.064764      0.014945      0.002477      0.018086
   19561    20130531       0.088557      0.019066      0.023973      0.020763
   19561    20130628       0.034539     -0.015039     -0.013013     -0.014999
   19561    20130731       0.025966      0.052681      0.054898      0.049462
   19561    20130830      -0.006613     -0.025714     -0.017278     -0.031298
   19561    20130930       0.130677      0.037477      0.051809      0.029749
   19561    20131031       0.110638      0.039852      0.025762      0.044596
   19561    20131129       0.032452      0.024946      0.023398      0.028049
   19561    20131231       0.016685      0.026126      0.025220      0.023563
