  dateff          smb          hml        mktrf          rf          umd
19610131     0.007900     0.038100     0.062000     0.00190    -0.040200
19610228     0.039900    -0.007000     0.035600     0.00140     0.010200
19610330     0.032300    -0.006800     0.028800     0.00200     0.040700
19610428     0.000900     0.019900     0.002900     0.00170     0.034700
19610531     0.019600     0.005600     0.024000     0.00180    -0.015600
19610630    -0.024800    -0.002400    -0.030800     0.00200     0.002600
19610731    -0.018900    -0.001100     0.028300     0.00180     0.002500
19610831    -0.018300    -0.002200     0.025800     0.00140     0.016200
19610929    -0.011100    -0.005100    -0.021500     0.00170     0.007400
19611031    -0.020200     0.005400     0.025800     0.00190     0.031900
19611130     0.010800    -0.008700     0.044400     0.00150     0.013200
19611229    -0.011400     0.021600    -0.001700     0.00190    -0.022400
19620131     0.018800     0.050400    -0.038800     0.00240    -0.020500
19620228    -0.011800     0.008900     0.018100     0.00200    -0.009600
19620330     0.002300    -0.009600    -0.006800     0.00200     0.018300
19620430    -0.009800     0.004300    -0.065900     0.00220     0.028800
19620531    -0.029800     0.023700    -0.086500     0.00240     0.003300
19620629    -0.007500     0.028100    -0.084800     0.00200     0.064200
19620731     0.015500    -0.036000     0.062800     0.00270     0.007200
19620831     0.012800    -0.012200     0.021300     0.00230    -0.005900
19620928    -0.025100     0.013800    -0.052200     0.00210     0.039600
19621031    -0.040000     0.013700    -0.000500     0.00250     0.007200
19621130     0.026500     0.009400     0.108700     0.00200    -0.071500
19621231    -0.037600     0.003400     0.010100     0.00230     0.058100
19630131     0.030900     0.022700     0.049300     0.00250    -0.021100
19630228     0.004100     0.022600    -0.023800     0.00230     0.025000
19630329    -0.025200     0.020000     0.030800     0.00230     0.015800
19630430    -0.013300     0.010200     0.045100     0.00250    -0.000800
19630531     0.011400     0.025100     0.017600     0.00240     0.003700
19630628    -0.002500     0.007800    -0.020000     0.00230     0.011800
19630731    -0.005500    -0.008200    -0.003900     0.00270     0.009900
19630830    -0.009700     0.016300     0.050700     0.00250     0.010800
19630930    -0.003200     0.001900    -0.015700     0.00270     0.001300
19631031    -0.005400    -0.001100     0.025300     0.00290     0.031400
19631129    -0.011000     0.016600    -0.008500     0.00270    -0.007500
19631231    -0.019600    -0.001100     0.018300     0.00290     0.016900
19640131    -0.001800     0.016400     0.022400     0.00300     0.011000
19640228     0.000900     0.028300     0.015400     0.00260     0.002500
19640331     0.010000     0.033600     0.014100     0.00310     0.007100
19640430    -0.014100    -0.004200     0.001000     0.00290    -0.005900
19640528    -0.008800     0.018800     0.014200     0.00260     0.025600
19640630    -0.003000     0.007200     0.012700     0.00300     0.004900
19640731     0.002300     0.007000     0.017400     0.00300    -0.003200
19640831     0.000900     0.001200    -0.014400     0.00280    -0.002100
19640930    -0.005200     0.016500     0.026900     0.00280    -0.003900
19641030     0.004500     0.011400     0.005900     0.00290     0.001800
19641130     0.006000    -0.019600     0.000000     0.00290     0.011000
19641231    -0.002400    -0.025800     0.000300     0.00310    -0.007100
19650129     0.026700     0.002000     0.035400     0.00280    -0.013100
19650226     0.034800     0.001900     0.004400     0.00300     0.002800
19650331     0.017800     0.010700    -0.013400     0.00360     0.000900
19650430     0.011900     0.007000     0.031100     0.00310     0.025400
19650528     0.000300    -0.016200    -0.007700     0.00310     0.005400
19650630    -0.043500     0.005800    -0.055100     0.00350    -0.031300
19650730     0.008500     0.022200     0.014300     0.00310     0.040900
19650831     0.028400    -0.010700     0.027300     0.00330     0.025800
19650930     0.006200    -0.001100     0.028600     0.00310     0.033200
19651029     0.024300     0.016000     0.026000     0.00310     0.034400
19651130     0.046800     0.002300    -0.000300     0.00350     0.044100
19651231     0.020700     0.020800     0.010100     0.00330     0.001300
19660131     0.038600     0.035700     0.007200     0.00380     0.053900
19660228     0.044500     0.003600    -0.012100     0.00350     0.045400
19660331     0.009500    -0.020500    -0.025100     0.00380     0.013500
19660429     0.034300    -0.004500     0.021400     0.00340     0.062100
19660531    -0.046500    -0.016500    -0.056600     0.00410    -0.047200
19660630     0.010600     0.004900    -0.014400     0.00380     0.033400
19660729    -0.003200     0.008200    -0.016300     0.00350    -0.014100
19660831    -0.033200     0.005600    -0.079100     0.00410    -0.020900
19660930    -0.011000     0.005000    -0.010600     0.00400    -0.017700
19661031    -0.065900     0.028100     0.038600     0.00450    -0.051400
19661130     0.043300    -0.046000     0.014000     0.00400     0.057300
19661230     0.018600    -0.012900     0.001300     0.00400     0.010700
19670131     0.084300     0.020300     0.081500     0.00430    -0.067500
19670228     0.033700    -0.022600     0.007800     0.00360     0.035600
19670331     0.017400     0.001900     0.039900     0.00390     0.014300
19670428     0.005700    -0.025400     0.038900     0.00320     0.006200
19670531     0.020000     0.008900    -0.043300     0.00330     0.005900
19670630     0.060000     0.009500     0.024100     0.00270     0.060400
19670731     0.030900     0.026500     0.045800     0.00310    -0.010900
19670831     0.004800     0.014600    -0.008900     0.00310    -0.014200
19670929     0.030900    -0.024600     0.031100     0.00320     0.025500
19671031     0.014200    -0.033800    -0.030900     0.00390     0.036400
19671130     0.002000    -0.017100     0.003700     0.00360     0.012900
19671229     0.057300    -0.003900     0.030500     0.00330     0.032300
19680131     0.039000     0.047700    -0.040600     0.00400    -0.046400
19680229    -0.029400     0.011500    -0.037500     0.00390    -0.034000
19680329    -0.012900    -0.005900     0.002000     0.00380     0.031800
19680430     0.057300    -0.010200     0.090500     0.00430     0.051500
19680531     0.064200     0.008500     0.022800     0.00450     0.037300
19680628    -0.001700     0.006800     0.006900     0.00430    -0.019200
19680730    -0.013100     0.054800    -0.027200     0.00480    -0.008500
19680830     0.023400     0.010100     0.013400     0.00420     0.018800
19680930     0.028000     0.002600     0.040300     0.00430    -0.006600
19681031    -0.004700     0.029100     0.004200     0.00440    -0.015000
19681129     0.023700    -0.009000     0.054300     0.00420     0.016600
19681231     0.034400     0.000200    -0.039400     0.00430     0.001000
19690131    -0.007900     0.016900    -0.012500     0.00530    -0.001500
19690228    -0.038800     0.009200    -0.058400     0.00460    -0.024900
19690328    -0.002600    -0.004500     0.026400     0.00460     0.039600
19690430    -0.008700     0.000600     0.014600     0.00530     0.011800
19690529    -0.002700     0.007300    -0.001000     0.00480     0.016700
19690630    -0.053900    -0.011000    -0.071800     0.00510    -0.022300
19690731    -0.032100     0.014100    -0.070000     0.00530     0.016400
19690829     0.009400    -0.038500     0.046800     0.00500     0.021300
19690930     0.012200    -0.032100    -0.029800     0.00620     0.025000
19691031     0.038000    -0.032200     0.050600     0.00600    -0.043300
19691128    -0.025300    -0.011100    -0.037900     0.00520     0.036000
19691231    -0.036700    -0.030800    -0.026300     0.00640     0.050400
19700130     0.029100     0.030700    -0.081000     0.00600     0.006300
19700227    -0.023900     0.040200     0.051300     0.00620     0.001200
19700331    -0.023200     0.042500    -0.010600     0.00570    -0.002800
19700430    -0.061100     0.063900    -0.110000     0.00500    -0.007000
19700529    -0.045100     0.036300    -0.069200     0.00530    -0.026800
19700630    -0.021300     0.007900    -0.057900     0.00580     0.057800
19700731    -0.005500     0.010500     0.069300     0.00520    -0.029400
19700831     0.015300     0.010800     0.044900     0.00530    -0.064900
19700930     0.086200    -0.055000     0.041800     0.00540    -0.089200
19701030    -0.042200     0.002100    -0.022800     0.00460     0.096100
19701130    -0.040700     0.016900     0.045900     0.00460     0.028800
19701231     0.029300     0.009800     0.057200     0.00420    -0.022100
19710129     0.074400     0.013500     0.048400     0.00380    -0.065900
19710226     0.019000    -0.013400     0.014100     0.00330     0.008100
19710331     0.025700    -0.039900     0.041300     0.00300    -0.012200
19710430    -0.004800     0.007400     0.031500     0.00280     0.013100
19710528    -0.011100    -0.013700    -0.039800     0.00290     0.008800
19710630    -0.014300    -0.020000    -0.001000     0.00370     0.027000
19710730    -0.015000     0.001700    -0.045000     0.00400    -0.023600
19710831    -0.001800     0.027100     0.037900     0.00470     0.035100
19710930     0.004100    -0.029400    -0.008500     0.00370     0.020900
19711029    -0.017800    -0.004700    -0.044200     0.00370     0.004600
19711130    -0.028300    -0.017400    -0.004600     0.00370     0.014700
19711231     0.032900    -0.003000     0.087100     0.00370    -0.006800
19720131     0.061100     0.020300     0.024900     0.00290     0.002400
19720229     0.013800    -0.027600     0.028700     0.00250     0.027100
19720330    -0.002700    -0.016900     0.006300     0.00270     0.029100
19720428     0.000000     0.002200     0.002900     0.00290     0.029000
19720531    -0.027900    -0.026900     0.012500     0.00300     0.031800
19720630     0.003300    -0.024800    -0.024300     0.00290     0.019200
19720731    -0.028800     0.007700    -0.008000     0.00310     0.027500
19720831    -0.040700     0.046800     0.032600     0.00290    -0.053400
19720929    -0.026900     0.004900    -0.011400     0.00340     0.017500
19721031    -0.027100     0.013200     0.005200     0.00400     0.007500
19721130    -0.011200     0.047800     0.046000     0.00370    -0.051700
19721229    -0.018600    -0.022900     0.006200     0.00370     0.049900
19730131    -0.035000     0.026800    -0.032900     0.00440     0.037200
19730228    -0.039900     0.016800    -0.048500     0.00410     0.021200
19730330    -0.028700     0.028400    -0.012900     0.00460     0.036200
19730430    -0.039800     0.056600    -0.056800     0.00520     0.063200
19730531    -0.061100     0.001900    -0.029400     0.00510     0.070800
19730629    -0.029400     0.014300    -0.015600     0.00510     0.043200
19730731     0.078600    -0.051800     0.050400     0.00640    -0.115800
19730831    -0.020500     0.011800    -0.038400     0.00700     0.034200
19730928     0.029200     0.021100     0.047500     0.00680    -0.070200
19731031    -0.001700     0.017400    -0.008600     0.00650     0.067300
19731130    -0.077100     0.040000    -0.127400     0.00560     0.086300
19731231    -0.053300     0.042500     0.005800     0.00640     0.102600
19740131     0.098700     0.058600    -0.001700     0.00630    -0.088200
19740228     0.000100     0.025500    -0.004800     0.00580     0.001300
19740329     0.024900    -0.000900    -0.028100     0.00560    -0.009900
19740430    -0.007200     0.010100    -0.052900     0.00750     0.020000
19740531    -0.030400    -0.020700    -0.046700     0.00750    -0.002500
19740628    -0.001600     0.007900    -0.028300     0.00600     0.023800
19740731     0.008800     0.052100    -0.080500     0.00700     0.030100
19740830    -0.007000     0.025700    -0.093500     0.00600     0.030700
19740930     0.002600     0.055200    -0.117700     0.00810     0.043200
19741031    -0.035000    -0.097200     0.161000     0.00510    -0.007100
19741129    -0.011900    -0.000800    -0.045100     0.00540     0.021800
19741231    -0.048400     0.000600    -0.034400     0.00700     0.029400
19750131     0.110200     0.082100     0.136600     0.00580    -0.138000
19750228     0.001700    -0.045300     0.055600     0.00430    -0.005800
19750331     0.037800     0.024200     0.026600     0.00410    -0.019900
19750430    -0.005000    -0.011600     0.042300     0.00440     0.013400
19750530     0.038300    -0.040700     0.051900     0.00440    -0.004700
19750630     0.007700     0.012900     0.048200     0.00410     0.000500
19750731     0.027100     0.016500    -0.065900     0.00480     0.004300
19750829    -0.032000    -0.009000    -0.028500     0.00480    -0.001300
19750930    -0.001100     0.003300    -0.042600     0.00530     0.003300
19751031    -0.039900     0.002900     0.053100     0.00560    -0.001400
19751128    -0.012000     0.019900     0.026500     0.00410    -0.004500
19751231    -0.007700     0.017800    -0.016000     0.00480    -0.001200
19760130     0.047900     0.086000     0.121600     0.00470     0.044500
19760227     0.070100     0.058500     0.003200     0.00340     0.004100
19760331    -0.011600    -0.000200     0.023300     0.00400     0.001900
19760430    -0.000700    -0.000200    -0.014900     0.00420     0.005000
19760528    -0.012500    -0.013100    -0.013500     0.00370    -0.011100
19760630    -0.013800     0.007300     0.040500     0.00430    -0.004300
19760730     0.003000     0.017300    -0.010700     0.00470    -0.001200
19760831    -0.020000     0.007700    -0.005600     0.00420    -0.008500
19760930     0.000000    -0.002800     0.020600     0.00440     0.002500
19761029     0.002500    -0.001300    -0.024200     0.00410    -0.004600
19761130     0.023500     0.015200     0.003600     0.00400     0.029200
19761231     0.030000     0.022300     0.056500     0.00400     0.007700
19770131     0.047800     0.042600    -0.040500     0.00360     0.039400
19770228     0.011000     0.004800    -0.019500     0.00350     0.003800
19770331     0.010000     0.010400    -0.013700     0.00380     0.004900
19770429    -0.001100     0.034500     0.001500     0.00380     0.042400
19770531     0.012000     0.008300    -0.014600     0.00370     0.020300
19770630     0.021300    -0.006400     0.047100     0.00400     0.017800
19770729     0.021300    -0.006100    -0.016900     0.00420     0.003100
19770831     0.015100    -0.027900    -0.017500     0.00440    -0.017400
19770930     0.014400    -0.005100    -0.002700     0.00430     0.020600
19771031     0.012600     0.017100    -0.043800     0.00490    -0.001200
19771130     0.036900     0.003500     0.040000     0.00500     0.022000
19771230     0.013400    -0.003400     0.002700     0.00490     0.015600
19780131     0.022200     0.032900    -0.060100     0.00490    -0.007200
19780228     0.035700     0.008000    -0.013800     0.00460     0.019000
19780331     0.034400     0.012500     0.028500     0.00530     0.013700
19780428     0.003900    -0.034700     0.078800     0.00540     0.008400
19780531     0.045900    -0.006000     0.017600     0.00510     0.028500
19780630     0.016900     0.005800    -0.016900     0.00540     0.027800
19780731     0.002700    -0.011100     0.051100     0.00560     0.042300
19780831     0.050900    -0.004800     0.037500     0.00560     0.028500
19780929    -0.004100     0.018800    -0.014300     0.00620    -0.031400
19781031    -0.099000     0.013600    -0.119100     0.00680    -0.083800
19781130     0.030200    -0.022100     0.027100     0.00700     0.054900
19781229     0.012400    -0.021900     0.008800     0.00780     0.030500
19790131     0.036900     0.022500     0.042300     0.00770    -0.012600
19790228     0.004600     0.011800    -0.035600     0.00730    -0.010500
19790330     0.031900    -0.006500     0.056800     0.00810     0.028900
19790430     0.021600     0.010700    -0.000600     0.00800     0.008000
19790531     0.004900     0.018300    -0.022100     0.00820    -0.002600
19790629     0.011600     0.014400     0.038500     0.00810     0.008400
19790731     0.012600     0.017200     0.008200     0.00770    -0.010900
19790831     0.020800    -0.015200     0.055300     0.00770    -0.002300
19790928    -0.002600    -0.009200    -0.008200     0.00830     0.053200
19791031    -0.033300    -0.018600    -0.081000     0.00870     0.021500
19791130     0.027400    -0.032800     0.052100     0.00990     0.079500
19791231     0.041700    -0.020100     0.017900     0.00950     0.047700
19800131     0.016500     0.018200     0.055100     0.00800     0.075000
19800229    -0.018100     0.006100    -0.012200     0.00890     0.078600
19800331    -0.066400    -0.010600    -0.129000     0.01210    -0.095800
19800430     0.009700     0.010600     0.039700     0.01260    -0.004400
19800530     0.021600     0.004000     0.052600     0.00810    -0.011100
19800630     0.016700    -0.009000     0.030600     0.00610     0.015800
19800731     0.042400    -0.063500     0.064900     0.00530     0.003700
19800829     0.039000    -0.026500     0.018000     0.00640     0.032000
19800930     0.008600    -0.047400     0.021900     0.00750     0.054300
19801031     0.024900    -0.027700     0.010600     0.00950     0.073300
19801128    -0.034800    -0.084500     0.095900     0.00960     0.152400
19801231    -0.002800     0.026900    -0.045200     0.01310    -0.066300
19810130     0.030000     0.068200    -0.050400     0.01040    -0.079400
19810227    -0.003000     0.010200     0.005600     0.01070    -0.013900
19810331     0.035800     0.007000     0.035600     0.01210     0.007500
19810430     0.044300     0.022900    -0.021000     0.01080    -0.009600
19810529     0.020100    -0.004100     0.001100     0.01150     0.037500
19810630    -0.008400     0.050900    -0.023600     0.01350    -0.059100
19810731    -0.021700    -0.006000    -0.015400     0.01240    -0.025200
19810831    -0.019500     0.048300    -0.070300     0.01280    -0.011100
19810930    -0.026600     0.051700    -0.071700     0.01240     0.019800
19811030     0.021600    -0.041900     0.049200     0.01210     0.040800
19811130    -0.009600     0.019000     0.033600     0.01070    -0.002700
19811231     0.011900     0.007500    -0.036500     0.00870     0.013200
19820129    -0.012800     0.031200    -0.032400     0.00800     0.017100
19820226     0.004500     0.060400    -0.058600     0.00920     0.049900
19820331    -0.001800     0.038200    -0.018700     0.00980     0.029300
19820430     0.015100    -0.028000     0.032700     0.01130    -0.004100
19820528     0.004600     0.018300    -0.039900     0.01060     0.025500
19820630    -0.003900     0.015400    -0.030900     0.00960     0.049900
19820730     0.008600     0.002000    -0.031900     0.01050     0.044600
19820831    -0.041100     0.011600     0.111400     0.00760    -0.035200
19820930     0.028900     0.003400     0.012900     0.00510     0.041900
19821029     0.023600    -0.036900     0.113000     0.00590     0.000200
19821130     0.047900    -0.019200     0.046700     0.00630     0.059100
19821231    -0.001800     0.000200     0.005500     0.00670     0.000200
19830131     0.027000    -0.008600     0.036000     0.00690    -0.017000
19830228     0.032400     0.006800     0.025900     0.00620     0.038200
19830331     0.017700     0.020700     0.028200     0.00630     0.009300
19830429     0.005200     0.005800     0.066700     0.00710     0.018100
19830531     0.061500    -0.014000     0.005200     0.00690    -0.015000
19830630     0.009100    -0.038900     0.030700     0.00670     0.017800
19830729     0.014800     0.055800    -0.040700     0.00740    -0.031300
19830831    -0.042900     0.055400    -0.005000     0.00760    -0.054400
19830930     0.005600     0.010600     0.009200     0.00760    -0.001100
19831031    -0.036000     0.050000    -0.034400     0.00760    -0.045600
19831130     0.020500    -0.006500     0.021600     0.00700    -0.000800
19831230    -0.002800     0.016800    -0.017800     0.00730     0.007700
19840131    -0.004200     0.076000    -0.019200     0.00760    -0.024900
19840229    -0.016800     0.033100    -0.048200     0.00710     0.001900
19840330     0.000800     0.004900     0.006300     0.00730     0.011000
19840430    -0.011900     0.012400    -0.005200     0.00810     0.020500
19840531     0.000400     0.002300    -0.059700     0.00780     0.016300
19840629    -0.002800    -0.026300     0.018200     0.00750    -0.007000
19840731    -0.022200     0.003900    -0.027400     0.00820     0.029300
19840831    -0.002200    -0.018300     0.102800     0.00830    -0.056800
19840928     0.002100     0.053100    -0.008000     0.00860     0.037000
19841031    -0.012000     0.004800    -0.008400     0.01000     0.032200
19841130    -0.006200     0.040400    -0.017600     0.00730     0.017000
19841231    -0.005800    -0.001400     0.018400     0.00640     0.015300
19850131     0.032600    -0.053900     0.079900     0.00650    -0.069100
19850228     0.007800    -0.001700     0.012200     0.00580     0.018200
19850329    -0.011100     0.040300    -0.008400     0.00620     0.016900
19850430     0.001700     0.037100    -0.009600     0.00720     0.030500
19850531    -0.022700    -0.008800     0.050900     0.00660     0.040000
19850628     0.004700     0.004200     0.012700     0.00550     0.036300
19850731     0.028500    -0.016700    -0.007400     0.00620    -0.039400
19850830    -0.003200     0.022900    -0.010200     0.00550     0.018100
19850930    -0.015900     0.012900    -0.045400     0.00600     0.014800
19851031    -0.015600     0.007700     0.040200     0.00650     0.048700
19851129     0.002100    -0.029300     0.064800     0.00610    -0.004000
19851231    -0.004900    -0.015600     0.038800     0.00650    -0.001200
19860131     0.012000     0.005300     0.006500     0.00560     0.029600
19860228    -0.006400    -0.008800     0.071300     0.00530     0.027700
19860331    -0.005100    -0.005100     0.048800     0.00600     0.024500
19860430     0.028300    -0.029000    -0.013100     0.00520    -0.005000
19860530    -0.013100    -0.001200     0.046200     0.00490     0.020300
19860630    -0.009300     0.013900     0.010300     0.00520     0.051400
19860731    -0.033700     0.047600    -0.064500     0.00520     0.018000
19860829    -0.041700     0.035200     0.060700     0.00460    -0.050200
19860930     0.022800     0.032000    -0.086000     0.00450    -0.058600
19861031    -0.025600    -0.014400     0.046600     0.00460     0.027000
19861128    -0.019800    -0.000900     0.011700     0.00390    -0.003300
19861231     0.000800     0.003100    -0.032700     0.00490     0.004000
19870130    -0.017900    -0.032100     0.124700     0.00420     0.020800
19870227     0.034600    -0.059600     0.043900     0.00430    -0.021700
19870331     0.004000     0.015900     0.016400     0.00470     0.016000
19870430    -0.017000    -0.003200    -0.021100     0.00440     0.002500
19870529    -0.005500     0.001600     0.001100     0.00380    -0.006800
19870630    -0.021700     0.010600     0.039400     0.00480    -0.002000
19870731    -0.006300     0.007100     0.038500     0.00460     0.026800
19870831    -0.007500    -0.009100     0.035200     0.00470    -0.008900
19870930     0.005400     0.002800    -0.025900     0.00450     0.007200
19871030    -0.084000     0.042000    -0.232400     0.00600    -0.078800
19871130     0.026400     0.032300    -0.077700     0.00350    -0.011200
19871231     0.001500    -0.044300     0.068100     0.00390     0.058100
19880129    -0.006900     0.051600     0.042100     0.00290    -0.076300
19880229     0.033500    -0.016400     0.047500     0.00460    -0.015400
19880331     0.061500     0.007400    -0.022700     0.00440     0.006400
19880429     0.009600     0.017000     0.005600     0.00460     0.022800
19880531    -0.026500     0.022800    -0.002900     0.00510     0.006500
19880630     0.021000    -0.011200     0.047900     0.00490    -0.029100
19880729    -0.001900     0.022600    -0.012500     0.00510     0.006400
19880831     0.000900     0.020800    -0.033100     0.00590     0.003300
19880930    -0.012700    -0.006700     0.033000     0.00620     0.002400
19881031    -0.029000     0.016700     0.011500     0.00610     0.013100
19881130    -0.017200     0.012700    -0.022900     0.00570     0.004100
19881230     0.019400    -0.015400     0.014900     0.00630     0.004200
19890131    -0.021300     0.005300     0.061000     0.00550    -0.001400
19890228     0.027700     0.008600    -0.022500     0.00610     0.009300
19890331     0.007300     0.004800     0.015700     0.00670     0.035600
19890428    -0.006000    -0.014500     0.043300     0.00670     0.017000
19890531    -0.000400    -0.008400     0.033500     0.00790     0.015400
19890630    -0.010100     0.021700    -0.013500     0.00710     0.006600
19890731    -0.040200    -0.028100     0.072000     0.00700     0.054000
19890831     0.005300     0.006500     0.014400     0.00740    -0.001400
19890929     0.003000    -0.013400    -0.007600     0.00650     0.033900
19891031    -0.032600    -0.010900    -0.036700     0.00680     0.013700
19891130    -0.012200    -0.010800     0.010300     0.00690     0.025700
19891229    -0.023800     0.002400     0.011600     0.00610     0.027800
19900131    -0.013000     0.008900    -0.078500     0.00570    -0.033200
19900228     0.010500     0.006300     0.011100     0.00570    -0.005200
19900330     0.014800    -0.028600     0.018300     0.00640     0.016600
19900430    -0.005000    -0.025800    -0.033600     0.00690     0.024600
19900531    -0.025600    -0.037400     0.084200     0.00680     0.030500
19900629     0.014500    -0.020100    -0.010900     0.00630     0.024000
19900731    -0.032000    -0.000100    -0.019000     0.00680     0.059300
19900831    -0.035900     0.016000    -0.101400     0.00660     0.018000
19900928    -0.036700     0.007400    -0.061200     0.00600     0.055200
19901031    -0.055400     0.002500    -0.019200     0.00680     0.067300
19901130     0.003300    -0.030700     0.063500     0.00570    -0.056100
19901231     0.008200    -0.015500     0.024600     0.00600     0.001500
19910131     0.038000    -0.018400     0.046900     0.00520    -0.065200
19910228     0.039100    -0.006000     0.071900     0.00480    -0.048100
19910328     0.039000    -0.012000     0.026500     0.00440     0.028100
19910430     0.005100     0.014000    -0.002800     0.00530    -0.023900
19910531    -0.003400    -0.005500     0.036400     0.00470    -0.001100
19910628     0.000600     0.011900    -0.049400     0.00420     0.004600
19910731    -0.009400    -0.012900     0.042400     0.00490     0.043500
19910830     0.016000    -0.008000     0.023200     0.00460     0.016000
19910930     0.016300    -0.010000    -0.015900     0.00460     0.017300
19911031     0.008900    -0.004800     0.012800     0.00420     0.032100
19911129    -0.004800    -0.019200    -0.041900     0.00390     0.012600
19911231    -0.022500    -0.040400     0.108300     0.00380     0.082800
19920131     0.084600     0.045300    -0.005900     0.00340    -0.024700
19920228     0.008800     0.063800     0.010900     0.00280    -0.006100
19920331    -0.010200     0.036700    -0.026500     0.00340    -0.003500
19920430    -0.061000     0.043200     0.010800     0.00320    -0.026000
19920529     0.003900     0.012500     0.003000     0.00280     0.001000
19920630    -0.031000     0.033900    -0.023400     0.00320    -0.006100
19920731    -0.004300    -0.005300     0.037700     0.00310     0.014300
19920831    -0.001100    -0.010500    -0.023800     0.00260    -0.005200
19920930     0.005500    -0.002400     0.011900     0.00260     0.014400
19921030     0.020500    -0.020900     0.010200     0.00230     0.027300
19921130     0.037000    -0.014700     0.041300     0.00230    -0.003400
19921231     0.016500     0.025200     0.015300     0.00280     0.044700
19930129     0.020500     0.058900     0.009300     0.00230     0.048200
19930226    -0.034200     0.064600     0.001300     0.00220     0.031300
19930331     0.002500     0.012600     0.023000     0.00250     0.037400
19930430    -0.006800     0.026300    -0.030500     0.00240     0.003400
19930528     0.019600    -0.034200     0.028800     0.00220     0.002900
19930630    -0.003000     0.026200     0.003100     0.00250     0.045900
19930730     0.009500     0.032600    -0.003400     0.00240     0.032400
19930831     0.003100    -0.004500     0.037200     0.00250     0.025800
19930930     0.031100    -0.004900    -0.001200     0.00260     0.034000
19931029     0.014400    -0.015600     0.014100     0.00220    -0.027100
19931130    -0.014300    -0.002600    -0.018900     0.00250    -0.047100
19931231     0.012200     0.005700     0.016500     0.00230     0.022900
19940131     0.001400     0.021000     0.028700     0.00250     0.000100
19940228     0.027200    -0.014100    -0.025600     0.00210    -0.002600
19940331    -0.009600     0.013400    -0.047800     0.00270    -0.013200
19940429    -0.009100     0.016900     0.006800     0.00270     0.004100
19940531    -0.020100     0.001800     0.005800     0.00310    -0.021900
19940630    -0.004800     0.016800    -0.030300     0.00310    -0.008300
19940729    -0.017800     0.009800     0.028200     0.00280     0.001900
19940831     0.014500    -0.034700     0.040100     0.00370     0.015400
19940930     0.026800    -0.018100    -0.023100     0.00370     0.013100
19941031    -0.022000    -0.023600     0.013400     0.00380     0.014700
19941130    -0.001700    -0.000500    -0.040400     0.00370    -0.001900
19941230     0.000500     0.002600     0.008600     0.00440     0.035000
19950131    -0.029600     0.016400     0.018000     0.00420    -0.018300
19950228    -0.003300     0.003800     0.036300     0.00400    -0.003400
19950331    -0.003700    -0.020600     0.021800     0.00460     0.003600
19950428    -0.004100     0.017000     0.021100     0.00440     0.018200
19950531    -0.022300     0.019100     0.029000     0.00540    -0.004400
19950630     0.030600    -0.029800     0.027200     0.00470     0.029000
19950731     0.022100    -0.022100     0.037200     0.00450     0.025500
19950831     0.018400     0.019200     0.005500     0.00470     0.000800
19950929    -0.020700    -0.009400     0.033500     0.00430     0.027300
19951031    -0.039400    -0.001100    -0.015200     0.00470     0.041400
19951130    -0.008200     0.003300     0.039500     0.00420    -0.006100
19951229     0.003700     0.014100     0.010300     0.00490     0.025600
19960131    -0.024800     0.004000     0.022600     0.00430     0.005600
19960229     0.020500    -0.023300     0.013300     0.00390     0.005800
19960329     0.013000     0.012800     0.007300     0.00390    -0.018900
19960430     0.048900    -0.040500     0.020600     0.00460    -0.009200
19960531     0.031600    -0.014000     0.023600     0.00420     0.016000
19960628    -0.036400     0.019200    -0.011400     0.00400     0.009600
19960731    -0.035900     0.043800    -0.059700     0.00450    -0.001400
19960830     0.023000    -0.005700     0.027600     0.00410    -0.001200
19960930    -0.008200    -0.037600     0.050100     0.00440     0.026900
19961031    -0.041100     0.048200     0.008600     0.00420     0.039000
19961129    -0.036000     0.001600     0.062500     0.00410    -0.022300
19961231     0.030800     0.009900    -0.017000     0.00460     0.005900
19970131    -0.015200    -0.023300     0.049900     0.00450     0.019400
19970228    -0.026100     0.046900    -0.004900     0.00390    -0.020400
19970331    -0.003200     0.038600    -0.050300     0.00430     0.009800
19970430    -0.051900    -0.010200     0.040400     0.00430     0.048900
19970530     0.048300    -0.043800     0.067400     0.00490    -0.051900
19970630     0.015000     0.007200     0.041000     0.00370     0.025900
19970731    -0.025200    -0.001300     0.073300     0.00430     0.038400
19970829     0.073400     0.013700    -0.041500     0.00410    -0.025200
19970930     0.026800    -0.002500     0.053500     0.00440     0.014500
19971031    -0.007900     0.022100    -0.038000     0.00420    -0.004300
19971128    -0.050700     0.010100     0.029800     0.00390     0.002800
19971231    -0.024000     0.038400     0.013200     0.00480     0.038500
19980130    -0.009400    -0.020700     0.001500     0.00430     0.001000
19980227     0.003200    -0.008600     0.070300     0.00390    -0.011000
19980331    -0.009900     0.012300     0.047600     0.00390     0.021400
19980430     0.004800     0.002700     0.007300     0.00430     0.007800
19980529    -0.035400     0.041200    -0.030700     0.00400     0.018900
19980630    -0.031500    -0.022200     0.031800     0.00410     0.072600
19980731    -0.049200    -0.011500    -0.024600     0.00400     0.037100
19980831    -0.057500     0.052400    -0.160800     0.00430     0.018800
19980930    -0.001500    -0.038800     0.061500     0.00460    -0.005800
19981030    -0.032000    -0.027700     0.071300     0.00320    -0.053500
19981130     0.011400    -0.034300     0.061000     0.00310     0.011800
19981231    -0.003000    -0.047000     0.061600     0.00380     0.090400
19990129     0.008600    -0.055600     0.035000     0.00350     0.030500
19990226    -0.055500     0.015600    -0.040800     0.00350    -0.001300
19990331    -0.038400    -0.029300     0.034500     0.00430    -0.013500
19990430     0.031800     0.024500     0.043300     0.00370    -0.091300
19990528     0.036400     0.026900    -0.024600     0.00340    -0.052500
19990630     0.034500    -0.041900     0.047700     0.00400     0.049400
19990730     0.022500     0.005100    -0.034700     0.00380     0.015900
19990831    -0.013200    -0.009500    -0.013800     0.00390     0.030100
19990930     0.031600    -0.029800    -0.028100     0.00390     0.064900
19991029    -0.067800    -0.032400     0.061300     0.00390     0.054700
19991130     0.077800    -0.080200     0.033700     0.00360     0.056600
19991231     0.070100    -0.092000     0.077200     0.00440     0.132000
20000131     0.043700     0.002400    -0.047400     0.00410     0.019000
20000229     0.220200    -0.126800     0.024500     0.00430     0.183900
20000331    -0.163900     0.076700     0.052100     0.00470    -0.068500
20000428    -0.077300     0.091300    -0.064000     0.00460    -0.084600
20000531    -0.048500     0.037200    -0.044300     0.00500    -0.090900
20000630     0.137000    -0.100500     0.046400     0.00400     0.165300
20000731    -0.028100     0.085100    -0.024500     0.00480    -0.000700
20000831    -0.008900    -0.012800     0.071300     0.00500     0.057700
20000929    -0.018700     0.068500    -0.054400     0.00510     0.022200
20001031    -0.036600     0.047900    -0.027700     0.00560    -0.046800
20001130    -0.031000     0.124200    -0.107300     0.00510    -0.025000
20001229     0.015500     0.061300     0.011900     0.00500     0.068100
20010131     0.070300    -0.057000     0.031200     0.00540    -0.249700
20010228    -0.011500     0.138700    -0.100700     0.00380     0.125900
20010330     0.005500     0.063600    -0.072500     0.00420     0.083800
20010430     0.002700    -0.043600     0.079500     0.00390    -0.081500
20010531     0.029900     0.027700     0.007300     0.00320     0.021300
20010629     0.063800    -0.021400    -0.019300     0.00280     0.002800
20010731    -0.042200     0.056200    -0.021300     0.00300     0.055500
20010831     0.021300     0.033700    -0.064600     0.00310     0.055700
20010928    -0.066100     0.018000    -0.092500     0.00280     0.115500
20011031     0.068800    -0.070300     0.024600     0.00220    -0.084300
20011130     0.003800     0.006900     0.075400     0.00170    -0.085700
20011231     0.051400     0.004300     0.016100     0.00150    -0.000300
20020131     0.011200     0.034500    -0.014400     0.00140     0.036900
20020228    -0.016100     0.039100    -0.022900     0.00130     0.068000
20020328     0.043000     0.011700     0.042400     0.00130    -0.017200
20020430     0.058600     0.042100    -0.052100     0.00150     0.079200
20020531    -0.037200     0.025400    -0.013800     0.00140     0.031600
20020628     0.034900     0.015600    -0.072100     0.00130     0.061700
20020731    -0.051400    -0.036300    -0.081800     0.00150     0.034100
20020830    -0.022600     0.022400     0.005000     0.00140     0.017300
20020930     0.027000     0.012300    -0.103500     0.00140     0.091100
20021031    -0.029800    -0.064900     0.078400     0.00140    -0.054700
20021129     0.031700    -0.015700     0.059600     0.00120    -0.162900
20021231    -0.004500     0.039000    -0.057600     0.00110     0.096500
20030131     0.014000    -0.008800    -0.025700     0.00100     0.015500
20030228    -0.002600    -0.014600    -0.018800     0.00090     0.012200
20030331     0.007700    -0.016700     0.010900     0.00100     0.015500
20030430     0.011500    -0.000600     0.082200     0.00100    -0.094500
20030530     0.047800     0.001500     0.060500     0.00090    -0.107300
20030630     0.015100     0.006800     0.014200     0.00100    -0.010000
20030731     0.055700    -0.021100     0.023400     0.00070    -0.003300
20030829     0.026700     0.017100     0.023400     0.00070    -0.005100
20030930     0.005500     0.010000    -0.012400     0.00080    -0.000600
20031031     0.028900     0.018000     0.060800     0.00070     0.036700
20031128     0.022100     0.014600     0.013500     0.00070     0.016000
20031231    -0.027800     0.026800     0.042900     0.00080    -0.057000
20040130     0.026300     0.016400     0.021500     0.00070     0.025900
20040227    -0.011500     0.004200     0.014000     0.00060    -0.011200
20040331     0.018500     0.000400    -0.013200     0.00090     0.001900
20040430    -0.025400    -0.016900    -0.018300     0.00080    -0.053700
20040528    -0.001600    -0.002900     0.011800     0.00060     0.016500
20040630     0.023200     0.016600     0.018600     0.00080     0.020800
20040730    -0.038200     0.044800    -0.040700     0.00100    -0.023700
20040831    -0.015900     0.011300     0.000800     0.00110    -0.015400
20040930     0.028900     0.003600     0.016000     0.00110     0.052600
20041029     0.004300    -0.008400     0.014300     0.00110    -0.015200
20041130     0.041700     0.019300     0.045400     0.00150     0.032300
20041231     0.001900    -0.003500     0.034300     0.00160    -0.028500
20050131    -0.016500     0.026600    -0.027600     0.00160     0.031200
20050228    -0.007200     0.028300     0.018800     0.00160     0.031800
20050331    -0.013800     0.017500    -0.019600     0.00210     0.009400
20050429    -0.040000    -0.004600    -0.026100     0.00210    -0.008300
20050531     0.029900    -0.012300     0.036500     0.00240     0.004100
20050630     0.025600     0.027800     0.005700     0.00230     0.020800
20050729     0.027700    -0.004500     0.039200     0.00240     0.000400
20050831    -0.008800     0.014100    -0.012200     0.00300     0.022100
20050930    -0.006800     0.011600     0.004800     0.00290     0.034800
20051031    -0.010300    -0.007000    -0.020100     0.00270    -0.013200
20051130     0.010000    -0.018500     0.036200     0.00310     0.003700
20051230    -0.005100     0.004800    -0.002500     0.00320     0.007600
20060131     0.053300     0.011700     0.030400     0.00350     0.028000
20060228    -0.003100    -0.008500    -0.003000     0.00340    -0.017700
20060331     0.035600    -0.001100     0.014600     0.00370     0.012100
20060428    -0.012400     0.030800     0.007300     0.00360     0.006500
20060531    -0.030400     0.027700    -0.035700     0.00430    -0.037300
20060630    -0.005300     0.015100    -0.003500     0.00400     0.014700
20060731    -0.039900     0.032700    -0.007800     0.00400    -0.022000
20060831     0.008300    -0.017500     0.020300     0.00420    -0.034700
20060929    -0.012400    -0.004200     0.018400     0.00410    -0.009400
20061031     0.016400     0.004800     0.032300     0.00410    -0.002600
20061130     0.007700     0.004800     0.017100     0.00420    -0.010300
20061229    -0.008900     0.025100     0.008600     0.00400     0.008200
20070131     0.000900    -0.000200     0.014100     0.00440     0.002600
20070228     0.013800     0.002400    -0.019600     0.00380    -0.013300
20070330    -0.002600     0.003900     0.006800     0.00430     0.025200
20070430    -0.020900    -0.009600     0.034900     0.00440    -0.001500
20070531    -0.000400    -0.001300     0.032400     0.00410    -0.003000
20070629     0.007600    -0.010600    -0.019600     0.00400     0.002400
20070731    -0.026700    -0.029900    -0.037300     0.00400     0.027800
20070831    -0.001400    -0.023600     0.009200     0.00420     0.001000
20070928    -0.024600    -0.021300     0.032200     0.00320     0.046100
20071031     0.002100    -0.019700     0.018000     0.00320     0.048900
20071130    -0.027700    -0.010900    -0.048300     0.00340     0.008800
20071231     0.000500    -0.000300    -0.008700     0.00270     0.065500
20080131    -0.007700     0.030500    -0.063500     0.00210    -0.078300
20080229    -0.005500    -0.000300    -0.030900     0.00130     0.061100
20080331     0.008300     0.002800    -0.009400     0.00170     0.041200
20080430    -0.014900    -0.000300     0.046000     0.00180    -0.002200
20080530     0.029800    -0.003400     0.018600     0.00180     0.032000
20080630     0.010700    -0.010200    -0.084400     0.00170     0.125300
20080731     0.035800     0.036900    -0.007700     0.00150    -0.053200
20080829     0.037500     0.014800     0.015300     0.00130    -0.038000
20080930    -0.003400     0.044000    -0.092400     0.00150     0.003400
20081031    -0.022800    -0.029900    -0.172300     0.00080     0.078300
20081128    -0.036300    -0.049400    -0.078600     0.00030     0.071300
20081231     0.039700    -0.012000     0.017500     0.00000    -0.050300
20090130    -0.009800    -0.098600    -0.081200     0.00000    -0.018800
20090227    -0.003500    -0.069000    -0.101000     0.00010     0.042300
20090331     0.007300     0.026000     0.089500     0.00020    -0.113500
20090430     0.054000     0.054200     0.101900     0.00010    -0.347200
20090529    -0.026600     0.005600     0.052100     0.00000    -0.124700
20090630     0.026700    -0.024400     0.004300     0.00010     0.053100
20090731     0.025000     0.047300     0.077200     0.00010    -0.054700
20090831    -0.005100     0.075900     0.033200     0.00010    -0.088700
20090930     0.024700     0.014000     0.040800     0.00010    -0.050200
20091030    -0.042200    -0.043700    -0.025900     0.00000     0.026700
20091130    -0.026500     0.001700     0.055600     0.00000     0.003700
20091231     0.057900     0.007300     0.027500     0.00010     0.028900
20100129     0.001900     0.006100    -0.033600     0.00000    -0.053400
20100226     0.014400     0.027400     0.034000     0.00000     0.036200
20100331     0.015800     0.020300     0.063200     0.00010     0.037000
20100430     0.049400     0.031500     0.020000     0.00010     0.031400
20100528    -0.000800    -0.023300    -0.078900     0.00010    -0.002200
20100630    -0.021300    -0.042600    -0.055600     0.00010    -0.029000
20100730     0.001700     0.002200     0.069200     0.00010     0.019200
20100831    -0.029400    -0.016400    -0.047700     0.00010    -0.001300
20100930     0.038400    -0.030200     0.095400     0.00010     0.013500
20101029     0.010400    -0.023000     0.038800     0.00010     0.015800
20101130     0.036600    -0.005400     0.006000     0.00010     0.025100
20101231     0.007800     0.035800     0.068200     0.00010    -0.032100
20110131    -0.024600     0.008600     0.020100     0.00010    -0.003000
20110228     0.016300     0.016700     0.034900     0.00010     0.020500
20110331     0.026200    -0.012200     0.004800     0.00010     0.035900
20110429    -0.003200    -0.022500     0.029000     0.00000     0.000800
20110531    -0.006500    -0.022100    -0.012700     0.00000    -0.005800
20110630    -0.000800    -0.004200    -0.017500     0.00000     0.017600
20110729    -0.014000    -0.012000    -0.023400     0.00000     0.001400
20110831    -0.033000    -0.015600    -0.060000     0.00010    -0.003500
20110930    -0.036800    -0.010600    -0.076000     0.00000    -0.025200
20111031     0.035800    -0.009000     0.113400     0.00000    -0.014500
20111130    -0.002600    -0.001700    -0.002600     0.00000     0.040000
20111230    -0.005700     0.015300     0.007400     0.00000     0.018900
20120131     0.025200    -0.021300     0.050600     0.00000    -0.079500
20120229    -0.016500     0.000400     0.044300     0.00000    -0.002700
20120330    -0.002300    -0.000700     0.031100     0.00000     0.014600
20120430    -0.006100    -0.002000    -0.008400     0.00000     0.038400
20120531    -0.001000     0.001000    -0.062000     0.00010     0.066100
20120629     0.008200     0.004600     0.038800     0.00000    -0.011400
20120731    -0.025900     0.000200     0.007900     0.00000     0.030600
20120831     0.007200     0.005900     0.025600     0.00010    -0.025100
20120928     0.004900     0.015700     0.027400     0.00010    -0.010200
20121031    -0.010700     0.041700    -0.017500     0.00010     0.001200
20121130     0.006700    -0.011000     0.007700     0.00010     0.003700
20121231     0.016600     0.032800     0.011800     0.00010    -0.029200
20130131     0.004900     0.013500     0.055800     0.00000    -0.018700
20130228    -0.003800     0.003100     0.012800     0.00000     0.014700
20130328     0.008400    -0.000600     0.040300     0.00000     0.020800
20130430    -0.024300     0.003600     0.015600     0.00000     0.003400
20130531     0.019300     0.013100     0.028100     0.00000    -0.018900
20130628     0.012300    -0.004500    -0.012100     0.00000     0.006500
20130731     0.018500     0.007900     0.056500     0.00000     0.016900
20130830     0.002800    -0.024600    -0.026900     0.00000     0.000500
20130930     0.028500    -0.015200     0.037600     0.00000     0.030200
20131031    -0.015300     0.013900     0.041700     0.00000     0.001600
20131129     0.013200    -0.003800     0.031200     0.00000     0.003500
