    DATE        PS_LEVEL        PS_INNOV          PS_VWF
19620831    -0.017627253     0.004329499             -99
19620928    -0.004085483      0.01402011             -99
19621031    -0.104229891    -0.072041842             -99
19621130    -0.019620252     0.031439181             -99
19621231    -0.005288012     0.015044966             -99
19630131    -0.055790672     0.012292481             -99
19630228     0.014402543     0.028090343             -99
19630329    -0.023372166    -0.018187336             -99
19630430     0.054126597     0.080622293             -99
19630531     0.003541092    -0.011197491             -99
19630628     0.009591518     0.002300225             -99
19630731     0.014324982     0.022718126             -99
19630830     0.033767399     0.040899556             -99
19630930    -0.007538195     0.022171767             -99
19631031      0.02680561     0.034794613             -99
19631129    -0.053130346    -0.057925577             -99
19631231    -0.020570904     0.016191109             -99
19640131    -0.071359366     -0.05295241             -99
19640228      -0.0247466     0.015621296             -99
19640331     0.031386002     0.043987175             -99
19640430     -0.04066383    -0.025566793             -99
19640528    -0.025722419    -0.003757895             -99
19640630    -0.056559794     -0.00831602             -99
19640731     0.058182491     0.058579676             -99
19640831    -0.048509276    -0.042512567             -99
19640930    -0.008161616     0.015513558             -99
19641030     0.012932947     0.040366823             -99
19641130     0.014885003    -0.002104627             -99
19641231     -0.02672873     -0.01119021             -99
19650129     0.037920508     0.072624917             -99
19650226    -0.016366913     0.023701791             -99
19650331     0.033963327     0.019636932             -99
19650430     0.022358717         0.04288             -99
19650528    -0.012941827     0.036071006             -99
19650630    -0.163392854    -0.110677431             -99
19650730     -0.08096848    -0.046559968             -99
19650831    -0.034744624      0.07417972             -99
19650930     0.026999793      0.06356613             -99
19651029     0.006197337    -0.023333815             -99
19651130     0.044465972     0.069113533             -99
19651231     0.040876306     0.025843584             -99
19660131     0.039968854     0.024381353             -99
19660228     0.035016761     0.047810223             -99
19660331    -0.066238824    -0.063210831             -99
19660429     0.026812452      0.05745648             -99
19660531    -0.121194404    -0.076106362             -99
19660630    -0.053360838    -0.009764191             -99
19660729    -0.032997534     0.009425632             -99
19660831     -0.10665391    -0.084157097             -99
19660930     -0.08781642    -0.042523543             -99
19661031    -0.206519452    -0.082411597             -99
19661130    -0.054098778     0.050996172             -99
19661230    -0.023814897     0.046181883             -99
19670131    -0.027405442     0.013360351             -99
19670228     -0.07257262      0.01667644             -99
19670331    -0.008628792     0.037018683             -99
19670428    -0.001526762     0.021046676             -99
19670531      0.01392071     0.026304658             -99
19670630     -0.06197855    -0.046455064             -99
19670731    -0.028372898     0.016542459             -99
19670831     0.029069793     0.071596661             -99
19670929     0.023541225     0.032011338             -99
19671031    -0.030537222    -0.039514804             -99
19671130    -0.030663795    -0.009000336             -99
19671229     0.001591165     0.035955411             -99
19680131    -0.021520523     0.004282105    -0.020892751
19680229    -0.034595809    -0.016777808     0.022073532
19680329    -0.116931838    -0.079937168     0.010561832
19680430     0.022450908     0.090244717     0.008742289
19680531    -0.020611245     0.011231845    -0.017811107
19680628     0.008224888     0.035100482     0.000361029
19680730    -0.010495543     0.010167706    -0.036057458
19680830    -0.020198654    -0.006229944     0.005968284
19680930    -0.008706623     0.016689309     0.009866416
19681031     0.006605193     0.028499442    -0.001083318
19681129    -0.000225964     0.017804501    -0.009142032
19681231    -0.028572054     -0.00842874     0.012022735
19690131    -0.033784758    -0.005214051     0.022563102
19690228    -0.025028028     0.013315252     0.056788403
19690328    -0.022565304     0.008757996    -0.015857604
19690430    -0.012528958     0.011253824     0.014180814
19690529     0.011488125     0.047886234     0.008105901
19690630    -0.047358946    -0.036959605     0.056817854
19690731    -0.122444028    -0.088924416     0.031583635
19690829    -0.087129504    -0.042674418    -0.012507255
19690930     0.013156871     0.091341882     0.018967768
19691031    -0.060644336    -0.024643698    -0.058755888
19691128     0.016293009      0.04267578     0.028621951
19691231    -0.019720936    -0.023193924     0.025587481
19700130    -0.110173381    -0.065020221      0.02112288
19700227    -0.081388086    -0.007785633    -0.054682738
19700331    -0.138437526    -0.062546389     0.002420451
19700430    -0.094261287    -0.027518332     0.040201197
19700529    -0.240558562    -0.195184746    -0.077147995
19700630    -0.187612336    -0.135485055    -0.033266361
19700731    -0.013782635     0.065604169    -0.002497175
19700831    -0.066604502     0.008535024     0.000257556
19700930    -0.066822888    -0.012107826     -0.01664897
19701030     0.096239916     0.098361456    -0.015394011
19701130    -0.059825074    -0.044603773     -0.00483046
19701231    -0.073008798    -0.012545443     0.048682921
19710129     0.017755938     0.044846346    -0.046709163
19710226    -0.064480661    -0.035584883    -0.011862921
19710331     0.031698493     0.064762286     0.015863635
19710430    -0.009982746     0.008176317     0.027683706
19710528    -0.019406459    -0.024050042     0.011454419
19710630    -0.044140681    -0.010089162    -0.029699577
19710730    -0.101409812    -0.030917053     0.001183329
19710831     -0.04506365    -0.005413494     0.027211918
19710930     0.019807744     0.062435953     0.005094309
19711029    -0.056367665    -0.010993655     0.040043327
19711130    -0.091977306    -0.035249492     0.007584999
19711231      0.00849982     0.049043172    -0.002679788
19720131    -0.094112914    -0.080167729    -0.033743274
19720229    -0.030595308     0.019646161     0.009939841
19720330    -0.011371745     0.026095849     0.033091154
19720428    -0.002956203     0.020002378     0.015085179
19720531    -0.064446317    -0.041078212    -0.001481258
19720630     0.006107311     0.005625474     0.013726388
19720731     -0.08958325    -0.065276621     0.016229716
19720831     0.014350504     0.024562645    -0.031049819
19720929    -0.018951562     0.027738141    -0.014889735
19721031    -0.039857779    -0.021400259    -0.015453609
19721130    -0.016865767    -0.030192172    -0.007762048
19721229    -0.073530578     -0.03341379     0.008821112
19730131    -0.056352759    -0.025361391    -0.014858086
19730228    -0.048319001     0.028375081     -0.01091379
19730330    -0.030718751    -0.012678664    -0.012799924
19730430    -0.040650607    -0.008497112     0.023191603
19730531     -0.11566844    -0.062849449     -0.00294238
19730629    -0.199889288    -0.162490025    -0.032431208
19730731    -0.096582013     -0.00763705     0.002582805
19730831    -0.097435637    -0.027317925     0.015779524
19730928    -0.121543296     0.000062499     0.017045213
19731031    -0.053238019     0.024630533     -0.04302758
19731130    -0.300163745    -0.237052393    -0.026586581
19731231     -0.13413745    -0.079491038     -0.01694581
19740131    -0.162189172    -0.068703389     0.101318032
19740228    -0.120028221    -0.053865844     0.039670348
19740329    -0.001286667     0.114879631     0.043549255
19740430    -0.041920825     0.001640139     0.022131511
19740531    -0.101753842    -0.081793241     0.061045419
19740628    -0.069363139    -0.062811995    -0.007755686
19740731    -0.231121871    -0.134516876     -0.00460426
19740830    -0.101842067    -0.061775255    -0.031422272
19740930    -0.110298281    -0.066253654     0.023200311
19741031    -0.085646798     0.007975275    -0.073523006
19741129    -0.083564545     0.034339308    -0.025351189
19741231    -0.104666031     -0.04176506     0.019079861
19750131    -0.113622803    -0.075148714      0.10827995
19750228    -0.075727911     0.019469967     0.037053744
19750331    -0.130484163     0.006302276     0.060094361
19750430     0.000079718     0.035202274     0.001324092
19750530    -0.066735432    -0.011016874    -0.028674225
19750630     0.023377436     0.026189538     -0.01416778
19750731    -0.059402694    -0.025490349    -0.007415209
19750829    -0.127523121    -0.119103389    -0.010687388
19750930    -0.089978793    -0.051156271    -0.015319912
19751031    -0.064972768     0.026319736     0.089329308
19751128     0.007609221     0.028655348      0.03543367
19751231    -0.024581841     -0.01930962    -0.000583791
19760130    -0.060278465    -0.032111696      0.01890703
19760227    -0.018513659     0.052957328    -0.041403091
19760331    -0.018564972     0.009462904    -0.015386407
19760430    -0.030321213    -0.048008621    -0.021474812
19760528       -0.090128    -0.085706761    -0.039147794
19760630    -0.064945927     -0.02113804    -0.006805325
19760730    -0.091403456    -0.052794091    -0.028325385
19760831     -0.01440666     0.033269515     0.017907043
19760930    -0.037756972     0.018899413     -0.01583438
19761029    -0.087291914    -0.042593129     0.006962479
19761130    -0.081945316    -0.020635843    -0.024312188
19761231    -0.025285674     0.056288424    -0.011403867
19770131    -0.062479771    -0.044147314    -0.031086581
19770228    -0.000435197     0.038375755    -0.010684413
19770331    -0.056292351     0.033174212     0.011027483
19770429     -0.01072424    -0.008392954     -0.02967022
19770531     -0.03332807    -0.012112681     0.017666677
19770630    -0.008645491     0.018875227     0.020515988
19770729    -0.048158005     -0.01203174     0.000975073
19770831      -0.0475812     0.007188949     0.031103583
19770930    -0.047210173    -0.018200657     0.011882371
19771031    -0.033288915    -0.000179261    -0.011411602
19771130    -0.012713391     0.030171511      0.00407468
19771230     0.019317685     0.035871477    -0.005269147
19780131    -0.042218779    -0.005024024     0.004983924
19780228    -0.019297252      0.01522822    -0.001847633
19780331    -0.010491407     0.004764291     0.016226279
19780428      -0.0078029      0.02116107     0.034488873
19780531     0.018013515      0.02372112     0.011680358
19780630     0.010747892      0.01576851     0.008734463
19780731    -0.043481563    -0.033352604     0.027692649
19780831     0.020908268     0.039376482    -0.001240214
19780929    -0.005565764     -0.00986879    -0.026145042
19781031    -0.108156643     -0.09898388     0.044542259
19781130    -0.075025642    -0.028825119    -0.035905328
19781229    -0.033950702     0.037807028     0.001777031
19790131    -0.014406977      0.02595626    -0.009022415
19790228     -0.03296287     0.009225255    -0.028603079
19790330    -0.043782043     0.023520962    -0.006183671
19790430     0.004782129     0.056584501     0.016637425
19790531    -0.080995007    -0.045028159    -0.022508061
19790629    -0.011874814      0.02592174    -0.016475668
19790731     0.022647808     0.062383585     -0.01648824
19790831     0.013034643     0.038113603     0.015177019
19790928    -0.074245626    -0.061117253    -0.012960512
19791031    -0.154441152    -0.100923993     0.001138188
19791130    -0.038538297     0.009583467    -0.067958751
19791231    -0.009221364     0.025712973    -0.016127017
19800131    -0.059578401    -0.017562528     0.001054261
19800229    -0.097828472    -0.040399276     0.018180036
19800331    -0.141922484    -0.084876555     0.029730835
19800430    -0.051168402    -0.028206438    -0.010910207
19800530     0.032840945     0.080249381     -0.00825512
19800630     -0.01566578     0.003861466      0.01098003
19800731    -0.035191893     -0.01404788    -0.008456362
19800829     0.007234324     0.054961602      0.01233731
19800930    -0.047583092    -0.015772402     0.015195348
19801031    -0.012388416     0.037711719     0.026683642
19801128    -0.024295208     0.004485238     0.028119265
19801231    -0.056394536    -0.011016868     0.027843388
19810130     -0.02295443     0.005897036     0.039945278
19810227    -0.007594046     0.002595838     0.000607384
19810331    -0.021365687     0.015852878     0.017587569
19810430    -0.028108019     0.012274199    -0.013760098
19810529     0.007373008     0.030759344     -0.02082504
19810630     0.001685314     0.032690238     0.057371684
19810731    -0.017633546     0.013150779    -0.015741844
19810831    -0.076556277    -0.041299864    -0.004098361
19810930    -0.152823526    -0.118003934     0.094349929
19811030     -0.04560095     0.000343163     -0.02065542
19811130    -0.031551085    -0.012081236     0.062938763
19811231    -0.023609596     0.028981183     -0.00073682
19820129    -0.069967468    -0.056851791    -0.021258595
19820226    -0.122290156    -0.078928818    -0.012945841
19820331     -0.03094834     0.011427764     0.041993687
19820430     0.004820028     0.045158823    -0.023657884
19820528    -0.002518959    -0.006096911      0.02927402
19820630    -0.012278994     0.022998325     0.049721082
19820730     0.012591081     0.019551581    -0.015766171
19820831    -0.057557817    -0.034309964     -0.00530724
19820930    -0.025629974     0.027145158     0.043580276
19821029    -0.041616836     -0.00481894    -0.040512303
19821130    -0.004942483     0.029970254     0.008891345
19821231     0.000640026     0.031333649    -0.030748144
19830131    -0.029697305     0.003917109    -0.054064161
19830228     0.008433443     0.041503575    -0.029267462
19830331    -0.047792845    -0.024850501     0.040678171
19830429    -0.004349244      0.02813658      0.03713077
19830531    -0.079088809    -0.045527886      0.02173967
19830630    -0.000570436     0.053611437     0.001836545
19830729    -0.048124189    -0.025153722     0.048761634
19830831    -0.040696121    -0.006180009     0.043154981
19830930    -0.023979936     0.027122851     0.010923883
19831031     0.035982672     0.064029301      0.05497324
19831130     0.014443808      0.05220176    -0.074602995
19831230    -0.032573069     0.017556985     0.049736461
19840131    -0.025235768    -0.002855756     0.066812216
19840229    -0.042118509     -0.02527069     0.007606859
19840330    -0.009820677     0.032766348     0.004704511
19840430    -0.084359871    -0.045834317     0.008343428
19840531     0.006224684     0.047648479     0.023845812
19840629    -0.016115448     0.026085164    -0.004010062
19840731    -0.025851919     0.014836799     0.017499924
19840831     0.002582936     0.035334795    -0.027393686
19840928    -0.017693605     0.013699449     0.025093085
19841031    -0.031042883    -0.010617173    -0.005784124
19841130    -0.002790881      0.00843142     0.015994611
19841231     -0.03456874      0.00092434    -0.004252622
19850131    -0.008422875     0.019922709    -0.017424123
19850228    -0.014163286     0.007974161      0.02875116
19850329     0.007210328     0.009642757     0.034245951
19850430     0.009185502     0.031912315     0.036045467
19850531    -0.000123605      0.02516852    -0.008501757
19850628    -0.006800566     0.000256005     0.004777644
19850731     -0.01838076     0.027335486    -0.011524574
19850830     0.028969314     0.039068371     0.026035883
19850930    -0.022411428    -0.007979068     0.010845024
19851031    -0.016608705     -0.00826984      0.04918229
19851129    -0.002016276     0.028123865     0.005556098
19851231    -0.011356579     0.029993654    -0.020206337
19860131    -0.065521789    -0.030947207      0.02031659
19860228    -0.009211296     0.022465063     0.000691061
19860331     0.007951281     0.045876612     0.036738438
19860430     0.029378758     0.026164028    -0.002657752
19860530     0.004684973     0.022580348     0.021982486
19860630    -0.069847688    -0.061602113     0.050100696
19860731    -0.004261169     0.022123523    -0.012500613
19860829    -0.026201335     0.014031562    -0.022007992
19860930    -0.005347399    -0.023258405      0.04516968
19861031     0.040146295     0.066349323     0.017969277
19861128     0.016574595     0.024025979    -0.029502528
19861231      0.01129851     0.035771164    -0.007128528
19870130     -0.02906233    -0.006778205    -0.071923913
19870227     0.005439631     0.028130908    -0.039676967
19870331    -0.023641863     0.018911209    -0.017159166
19870430    -0.126322684    -0.106935433    -0.040456597
19870529     0.005895904     0.033611018     0.009620542
19870630     0.008100339     0.058253232     0.026789956
19870731     0.016391733    -0.027626304      0.00516505
19870831    -0.002212639     0.016520915     -0.05615426
19870930     -0.03012279    -0.038027684     0.003431919
19871030    -0.461006635    -0.383023482     0.054424561
19871130    -0.024268475    -0.068970249     -0.01721556
19871231    -0.102085889    -0.025582745     0.002967834
19880129     -0.11093769    -0.071916257     0.039264651
19880229    -0.033424961      0.06372126     0.001911354
19880331    -0.030570298     0.026799748    -0.021414367
19880429     0.008880095      0.03113123    -0.022980858
19880531     -0.06853687     0.000785777    -0.003327399
19880630     0.007002899     0.021238681    -0.011734686
19880729     0.016833663     0.034195057    -0.011273042
19880831    -0.025814135     0.028445984     0.034133703
19880930    -0.022907456     0.004138949     0.014132912
19881031    -0.043188866     0.005398826     0.026272374
19881130    -0.065589906    -0.005646352    -0.001137177
19881230    -0.024276894     0.003486379     -0.04311985
19890131     0.018213379     0.076112644     -0.00660431
19890228    -0.002578876      0.01443757    -0.002058662
19890331     0.000236276     0.009725876    -0.008974399
19890428    -0.021552196    -0.000711579    -0.020081153
19890531      0.04316472     0.050640968    -0.040038845
19890630    -0.003383504     0.003297056     0.076020676
19890731     0.017373333     0.026874722     0.028978451
19890831    -0.084886662    -0.051051687     0.008098384
19890929     0.027785413     0.018577814    -0.046276988
19891031    -0.157862003    -0.111359277     0.027598845
19891130    -0.009830392     0.019190263     -0.02083493
19891229    -0.021630182     0.009184906     0.020654807
19900131    -0.023188345    -0.002613585    -0.034893922
19900228    -0.004558274     0.028206776    -0.031998954
19900330    -0.022161198     0.037174998    -0.025848628
19900430     0.010490197      0.01165646     0.058704167
19900531      0.01134741     0.012546884    -0.012892997
19900629     0.002401438    -0.000044624     0.024443378
19900731    -0.031723661    -0.012237347      0.05294775
19900831     0.029455321     0.014278262     0.044605137
19900928    -0.015681689     0.064278068     0.022939824
19901031     0.053710324     0.050762361    -0.015683612
19901130     0.030115084     0.017786857     -0.01827286
19901231    -0.055580246    -0.030272749     -0.03447381
19910131     0.038957556     0.023717376    -0.096673359
19910228    -0.021173361    -0.035494776     -0.01989167
19910328    -0.026115824    -0.021650432    -0.006279076
19910430     0.006464405      0.04640114     0.024059201
19910531    -0.005935594     0.002118478    -0.005516399
19910628     0.041703164     0.052376915     0.023252478
19910731    -0.001286557     0.005764726     0.018165322
19910830    -0.016937894    -0.017719116    -0.015662096
19910930    -0.014476074     0.019088614     0.011492722
19911031    -0.019230826     0.022478161     0.018552728
19911129     0.027519208    -0.000614704     0.044082383
19911231    -0.053449023    -0.071559522    -0.052104791
19920131    -0.061425156     -0.03478114    -0.074142283
19920228    -0.039232388     0.011899985    -0.045632919
19920331    -0.038446768     0.018766075    -0.000491216
19920430     0.034613378     0.048359667    -0.007698836
19920529     0.001332154      0.05352922    -0.002616218
19920630      0.06708421     0.010607653     0.011057305
19920731    -0.037047206      -0.0478201     0.024082552
19920831    -0.004850838     0.007814807     0.044640916
19920930     0.012378035     0.034164916      -0.0168486
19921030    -0.059856137     -0.05291018    -0.017768962
19921130     0.001799606     0.036327176     -0.05746596
19921231     0.008335823     0.023445192    -0.030820043
19930129     0.004793756     0.036618291    -0.001166122
19930226    -0.025149349     0.000158245     0.065174754
19930331    -0.037351563    -0.007431038    -0.039362454
19930430     0.003013333     0.033675523    -0.017960867
19930528    -0.014525489     0.015921273     0.043351103
19930630    -0.018419991     0.012597327    -0.032353374
19930730    -0.018657929     0.008184378     -0.01366005
19930831     0.040883184     0.025337156     0.017758259
19930930     0.025076743     0.034396316    -0.076668573
19931029     0.004300488     0.014686196     0.048713089
19931130     0.015118459      0.02963995     0.050444069
19931231     0.049952542     0.032133308     0.013002291
19940131     0.038801443     0.071465327     0.000766289
19940228      -0.0510396    -0.036721975      0.01370393
19940331     -0.01537955    -0.006897291     0.029838135
19940429    -0.074834533    -0.049948507     0.005758675
19940531    -0.039017867     0.001016189      0.03753243
19940630    -0.078480108    -0.033225147     0.000624334
19940729      0.01187593     0.064296552    -0.010439412
19940831    -0.017373587     0.036452825     0.004943544
19940930      0.02063491     0.017650158     0.032944841
19941031     0.030068673     0.035298262     0.009429102
19941130    -0.014579924    -0.042881659    -0.020631201
19941230    -0.029581709    -0.005929073     0.014408734
19950131     0.022103692     0.065940356     -0.03313404
19950228     0.023434808     0.025918488    -0.006353978
19950331     0.009981359    -0.009717248     0.015575657
19950428     0.031559674     0.053616533     0.012856178
19950531    -0.002283063     0.005841005    -0.005596921
19950630    -0.026107394    -0.030313301     0.007440795
19950731     -0.00698546     0.014790892     0.051058855
19950831    -0.003340614     0.020822716    -0.009480471
19950929    -0.027817991    -0.021584236    -0.076446308
19951031    -0.004928347     0.011494885     0.029296169
19951130     0.031899101     0.063017389    -0.021491073
19951229    -0.063118465    -0.025858645    -0.035052528
19960131    -0.015917585    -0.004598331     0.067470379
19960229     0.024217896     0.076555743     0.037594829
19960329    -0.052205155     -0.04365479    -0.040704099
19960430    -0.024346542      0.02055234    -0.049120337
19960531     0.008760001      0.01998421     -0.02358358
19960628    -0.013614175    -0.008455353    -0.055223666
19960731    -0.024604644     0.003704126     0.004161994
19960830     0.080346298      0.10379628     0.007695705
19960930     0.000394284    -0.021569801    -0.021826545
19961031    -0.002517787     -0.02491095    -0.010159139
19961129    -0.008325612    -0.017810829     0.070543503
19961231     0.024150984     0.037821738    -0.041291155
19970131    -0.016954861     0.060515765    -0.037304644
19970228     0.002704978    -0.013366526    -0.035047168
19970331    -0.007689106     0.018947828     0.016797571
19970430         0.01668     0.020171165     0.062034333
19970530     0.027222343     0.045248958     0.012049407
19970630    -0.009755005    -0.003818074     0.008813396
19970731    -0.007683293     0.004407052      0.02967413
19970829    -0.056921287    -0.008543851    -0.011992877
19970930    -0.027802411     0.035467168    -0.022254505
19971031    -0.170918477    -0.108992442    -0.002537659
19971128     0.023458419      0.07285537     0.050539097
19971231    -0.023220232     0.028828614      0.01364372
19980130    -0.043521787    -0.069897206     0.020320096
19980227    -0.120430847     0.001982594     0.077162816
19980331     -0.04784806    -0.007538818    -0.019002296
19980430     0.040129756     0.100407069      0.01021943
19980529     0.006825743     0.014112756    -0.002694254
19980630    -0.055639416    -0.028039007      0.02821311
19980731    -0.043700248     0.003552413     0.023273048
19980831    -0.063688671     -0.00409676    -0.019525533
19980930    -0.282236485    -0.270364938     0.047060683
19981030    -0.044779889     0.064278041     0.002011756
19981130     0.046680218     0.116483837    -0.013150842
19981231    -0.153010845    -0.105563872    -0.002842236
19990129     0.064080205     0.067203294       0.0069612
19990226    -0.086384224    -0.062092752     0.020489688
19990331    -0.069214439    -0.002084935    -0.029214892
19990430     0.201014879     0.287440966     0.096600674
19990528    -0.134861572    -0.140730027    -0.005017389
19990630     0.061001627     0.069833312     0.005260556
19990730      0.08139654     0.058355353    -0.008881393
19990831     0.045374931    -0.016542373    -0.002820549
19990930    -0.047583221    -0.067614927    -0.068007757
19991029     0.102308002     0.093440386      0.10723192
19991130     0.002565375    -0.036080746    -0.008402288
19991231    -0.076955442    -0.083200333    -0.014572591
20000131    -0.067931978    -0.044307836     0.014670722
20000229    -0.037527186    -0.006593488     0.015494399
20000331    -0.004191314      0.11271457    -0.002938942
20000428    -0.224257305    -0.218969592    -0.044551951
20000531     0.057881525     0.079985643    -0.029076911
20000630    -0.180084977    -0.154745852    -0.033724911
20000731     0.048889561     -0.06005701     0.107500159
20000831    -0.071211337     0.005801382    -0.015118978
20000929    -0.165517654    -0.126186688    -0.040992249
20001031     -0.13128308     0.006639783      0.02135947
20001130    -0.158426987    -0.136205774    -0.041861094
20001229     0.094589604     0.060761293      0.00857958
20010131    -0.121497554    -0.028582935     0.066175238
20010228    -0.049624217    -0.064317082     0.046992082
20010330    -0.055132384     0.027186781     0.073106646
20010430    -0.071088403      0.09697216     0.002211758
20010531     0.099254278     0.114936302     0.029434636
20010629     0.018838223     0.090171703    -0.001891264
20010731    -0.057640525    -0.009027297     0.036260579
20010831    -0.059307968     0.056204362     0.047505459
20010928    -0.037630875     -0.11733463    -0.101429608
20011031      0.06931297     0.101570872     0.028723985
20011130     0.026300475    -0.002429082     0.035637081
20011231     0.011857823     0.057884818      0.07016254
20020131    -0.066399823    -0.009672618    -0.011631379
20020228     -0.01284942    -0.009825745     0.018013752
20020328     0.062434571     0.030280772     0.087615886
20020430    -0.107336654    -0.027753624     0.051473734
20020531    -0.034168697    -0.042953686      0.05068499
20020628    -0.116846979    -0.057005379    -0.011885971
20020731    -0.049831681     0.003663098    -0.050449946
20020830     -0.01335859    -0.000297702       0.0039075
20020930    -0.170705069    -0.097950484     -0.00857264
20021031    -0.333629091    -0.149203376     0.032802567
20021129    -0.034880696     0.035472598     0.029854944
20021231    -0.169124756     0.003394061    -0.011653191
20030131    -0.084675115    -0.080396898    -0.029669337
20030228    -0.039299441    -0.035725857    -0.004154132
20030331    -0.107632231    -0.066600544    -0.002544365
20030430    -0.048785918    -0.003164591     0.060070651
20030530       0.0243809     0.019907244     0.014705363
20030630    -0.018698792     0.000914249    -0.017556723
20030731    -0.030032575     0.024308594     0.065517017
20030829     0.014239756     0.027670562     0.014431543
20030930    -0.106193949    -0.033420208     0.015921312
20031031    -0.041137112     0.005244452     0.023020098
20031128    -0.033497553    -0.005424317      -0.0108408
20031231    -0.019514244     0.045236203    -0.005128619
20040130    -0.108782883     -0.02100369    -0.048084657
20040227    -0.036674018    -0.056964352     0.021753624
20040331     0.020609469     0.071309578     0.018244915
20040430     -0.04982395     0.015061793     0.000365996
20040528     0.002389608     -0.01538987    -0.001346337
20040630      0.05725297     0.110344758     0.021203195
20040730    -0.032610132     -0.00072766      0.06513396
20040831    -0.002730986     0.033862552     0.060847926
20040930    -0.042488394    -0.008329274      0.00182956
20041029     0.023002051     0.030113275    -0.002319299
20041130    -0.012462769     0.028271022     0.005671361
20041231    -0.071758316    -0.030598505     -0.02808989
20050131    -0.007269829     0.007231558     0.032767077
20050228     -0.05468972    -0.002073548     0.044091417
20050331    -0.019307245     0.003457892     0.001348217
20050429    -0.127100878     -0.09665418    -0.049221959
20050531      0.00535905     0.052540545      0.00409488
20050630      0.00692278     0.084335345     0.049122167
20050729     0.044920157     0.044188529     0.023835346
20050831    -0.002211558     0.016616036     0.014052076
20050930    -0.025552418    -0.017841819     0.022321308
20051031    -0.062892028    -0.001296299     -0.03792053
20051130     0.134075054     0.104277159     0.008729196
20051230    -0.034083477    -0.075965173    -0.008507948
20060131    -0.058987315      -0.0500534     0.052626691
20060228    -0.057830776    -0.036774767    -0.011239697
20060331    -0.008709666     0.036299415      0.00240853
20060428    -0.065581598     0.020869511      0.00396107
20060531     0.049111115     0.101014003     0.016686992
20060630    -0.069104532     0.063292569     0.013553546
20060731     0.034366262     0.003169795     0.038383741
20060831      0.01089354    -0.042720423    -0.026504701
20060929    -0.080612087    -0.044467912     0.007439687
20061031     0.031744285     0.059433792     0.044322536
20061130    -0.012974426     0.039756395     0.018420749
20061229     0.026641222     0.024470003    -0.015173393
20070131     0.042704924     0.016250435     0.015116366
20070228     0.002368974     0.046484345      0.04218841
20070330    -0.034428903    -0.022911114     0.015695637
20070430    -0.010771593     0.010201138     0.005889314
20070531     0.053820427     0.072065579    -0.018146442
20070629      0.06769885     0.086225874     0.039753162
20070731    -0.008159848    -0.024132917     0.002239109
20070831     -0.15103969     -0.19357369    -0.011615443
20070928    -0.050594633     -0.03426718     0.035101113
20071031    -0.188882629    -0.042822907     0.017658038
20071130    -0.155189401     -0.01814752    -0.005031423
20071231    -0.025413119     0.028641335     0.013838432
20080131     -0.16037892    -0.058636643     -0.02707223
20080229     0.085976647    -0.008571695    -0.008390869
20080331    -0.285250499      -0.1503977     0.035815191
20080430     0.038074819     0.126380438     0.062133308
20080530    -0.014596554    -0.016147015     0.047092622
20080630    -0.111848927    -0.044710536     0.044557247
20080731    -0.176769637    -0.064873047    -0.052938927
20080829    -0.008383772     0.019168311    -0.006930166
20080930    -0.077545955    -0.221527094    -0.048314738
20081031    -0.238604531    -0.063507089    -0.100039634
20081128     0.068119647     0.126111063    -0.045369362
20081231    -0.303583949    -0.194232642    -0.017140899
20090130    -0.074238739    -0.181322684     0.210060013
20090227     -0.04322216      0.02485589     0.119307045
20090331    -0.096447704    -0.029191469     -0.09409861
20090430    -0.094685449    -0.040446496    -0.059517747
20090529    -0.064766203     0.072457833    -0.015697413
20090630    -0.040522535     0.017904656    -0.026748888
20090731      0.07855827     0.041216151     0.010348383
20090831    -0.025714657    -0.011336109    -0.086342265
20090930     0.009844829     0.066096782         0.09284
20091030    -0.059153984    -0.044057129     0.058015861
20091130    -0.033550219    -0.003828856    -0.004162722
20091231     0.121220653     0.001881385     0.059358025
20100129     0.060301433      0.11301118    -0.037223632
20100226     0.017738043     0.037056897     0.007430737
20100331     0.017568467     0.030754148    -0.065471852
20100430    -0.046532955    -0.034537969    -0.009871367
20100528    -0.075341206    -0.018538431    -0.010398909
20100630    -0.060486022     0.008031134     0.016956552
20100730    -0.008152779     0.007775775     0.043579346
20100831     0.014968769      0.02711783     0.070582709
20100930    -0.033607972     0.083019843     0.043992471
20101029    -0.044943483     -0.05172465     0.051329423
20101130    -0.011372871     0.007050678     0.026501359
20101231     0.021319179     0.070910819    -0.022142491
20110131      -0.0067205     0.001536278     0.002806926
20110228    -0.011281592     0.006772248     0.011355646
20110331    -0.025009389    -0.012143649     0.032074186
20110429     0.013724177     0.028105402    -0.006446987
20110531     0.018578076     0.023540231    -0.010930656
20110630     -0.00911721     0.028695401    -0.001508602
20110729    -0.022752724     0.008276209     0.019816863
20110831    -0.058754269    -0.052315229    -0.042268966
20110930     0.025499148     0.049162095     -0.07540203
20111031    -0.045889459      0.02056974      0.07836499
20111130    -0.094146785    -0.023500706     0.026952319
20111230     0.008939774     0.052241527    -0.067741701
20120131     0.019573857     0.052805295    -0.024656745
20120229      0.03188964     0.011425017     0.018939651
20120330    -0.018773806    -0.005577687    -0.073073771
20120430     0.009255226    -0.011789905     0.003084797
20120531      0.08309037    -0.005194975     -0.01623637
20120629      0.01791967     0.000868859    -0.000400433
20120731     0.016491177     0.103031932     0.002539822
20120831    -0.041711122    -0.020977134    -0.011637055
20120928     0.047363442     0.039648767    -0.005021766
20121031    -0.033237028    -0.040394779    -0.009426461
20121130    -0.012846913    -0.055606939    -0.002084848
20121231     0.010390537     0.031756046      0.00805088
